2000 1957
0 6
9 10
11 13
15 20
25 28
33 34
37 38
39 40
42 45
48 53
55 57
58 64
66 68
70 71
72 76
82 83
85 87
95 97
98 104
105 113
115 116
117 120
123 124
126 127
130 132
133 137
138 139
140 145
148 149
150 153
154 162
167 168
170 171
172 173
174 180
184 185
186 188
189 193
196 209
210 216
220 222
223 227
228 229
237 239
241 246
248 250
253 259
260 262
263 271
273 277
278 279
281 283
284 285
290 291
292 293
294 296
299 300
305 306
307 310
315 316
318 319
320 322
324 328
332 334
335 336
337 338
339 341
342 343
345 346
351 353
354 355
356 358
359 360
361 363
365 367
371 373
374 378
380 382
383 389
391 394
395 398
407 411
413 414
415 421
427 432
435 436
438 440
441 442
449 453
457 458
460 462
464 465
467 468
469 470
473 477
483 485
488 490
494 495
500 505
506 514
516 520
521 523
524 526
527 528
529 531
533 534
537 539
541 542
543 547
549 552
553 555
558 559
560 561
564 565
566 574
576 577
580 581
583 585
590 592
596 597
598 599
600 601
603 604
605 606
607 608
611 614
615 619
622 623
624 625
626 631
634 638
640 641
645 646
650 651
652 653
655 657
659 660
661 662
665 667
673 674
675 680
682 686
695 705
712 713
715 718
721 722
723 726
727 728
732 733
734 735
736 738
741 744
745 747
748 750
757 766
768 770
771 775
777 779
782 784
786 790
791 794
795 797
798 799
804 807
811 814
815 816
821 823
824 825
829 830
831 832
835 836
837 840
842 845
846 847
851 852
853 856
860 862
865 872
876 877
878 880
882 883
885 889
890 894
895 896
897 898
902 903
905 907
911 913
914 916
924 925
926 928
930 932
934 935
938 942
945 946
949 952
955 959
962 964
966 969
970 973
974 978
983 990
993 994
996 1000
1002 1004
1007 1008
1009 1011
1012 1016
1020 1021
1024 1025
1027 1030
1031 1039
1044 1045
1046 1047
1049 1052
1053 1055
1057 1059
1061 1066
1067 1068
1073 1074
1076 1077
1078 1079
1082 1083
1088 1089
1090 1093
1094 1096
1097 1098
1099 1100
1105 1109
1110 1113
1114 1118
1119 1120
1121 1123
1125 1126
1129 1130
1133 1134
1136 1141
1142 1143
1145 1147
1154 1155
1159 1160
1162 1166
1167 1168
1170 1172
1176 1177
1180 1183
1189 1190
1192 1194
1198 1199
1201 1204
1205 1207
1208 1209
1210 1211
1215 1216
1217 1221
1222 1223
1226 1228
1230 1231
1237 1238
1239 1241
1242 1243
1246 1248
1252 1254
1258 1264
1268 1274
1276 1277
1279 1281
1284 1285
1289 1292
1293 1296
1301 1304
1306 1307
1309 1310
1312 1314
1315 1317
1318 1320
1323 1324
1326 1328
1329 1330
1331 1332
1333 1335
1337 1340
1342 1347
1349 1350
1352 1353
1355 1358
1360 1367
1368 1369
1373 1376
1381 1384
1390 1391
1396 1398
1401 1402
1403 1404
1405 1407
1408 1409
1413 1414
1416 1417
1419 1426
1428 1432
1433 1436
1437 1438
1439 1440
1443 1444
1446 1447
1449 1450
1451 1453
1456 1460
1461 1467
1468 1469
1473 1474
1475 1482
1483 1485
1487 1489
1492 1496
1503 1507
1509 1512
1513 1514
1516 1517
1522 1524
1526 1528
1532 1533
1535 1537
1541 1544
1548 1551
1558 1560
1562 1565
1566 1569
1575 1576
1580 1581
1584 1585
1586 1587
1591 1592
1596 1597
1599 1601
1604 1607
1608 1610
1614 1616
1619 1624
1626 1627
1633 1636
1639 1640
1646 1648
1650 1654
1656 1657
1660 1662
1663 1667
1668 1675
1676 1684
1687 1689
1695 1696
1700 1701
1702 1705
1706 1709
1712 1713
1720 1722
1724 1725
1727 1729
1732 1733
1736 1740
1744 1745
1747 1748
1752 1754
1757 1758
1763 1765
1767 1769
1771 1776
1784 1787
1791 1794
1798 1803
1805 1806
1809 1810
1814 1815
1824 1827
1830 1835
1840 1842
1848 1849
1853 1855
1856 1857
1859 1860
1863 1864
1865 1866
1867 1868
1869 1873
1883 1887
1895 1898
1901 1903
1905 1906
1908 1912
1915 1916
1919 1928
1929 1932
1938 1940
1944 1949
1951 1953
1955 1956
1960 1961
1962 1964
1966 1967
1969 1970
1973 1976
1977 1979
1983 1984
1990 1991
1995 1997
1998 2002
2010 2011
2014 2020
2021 2022
2023 2024
2025 2027
2034 2039
2041 2042
2044 2049
2052 2053
2056 2058
2060 2062
2067 2071
2075 2077
2078 2079
2080 2082
2083 2085
2087 2097
2098 2101
2102 2103
2105 2106
2114 2115
2117 2118
2120 2121
2126 2129
2131 2137
2138 2142
2144 2146
2148 2153
2156 2157
2160 2170
2172 2173
2174 2176
2178 2181
2182 2185
2193 2194
2196 2197
2198 2199
2203 2206
2208 2210
2211 2213
2215 2216
2218 2219
2221 2224
2226 2228
2230 2234
2236 2237
2238 2241
2243 2245
2246 2248
2252 2255
2256 2257
2261 2263
2266 2276
2278 2280
2282 2285
2287 2292
2297 2301
2302 2303
2304 2305
2306 2307
2308 2311
2318 2320
2330 2331
2334 2336
2338 2341
2342 2345
2349 2351
2353 2354
2355 2360
2362 2363
2365 2366
2368 2369
2370 2374
2375 2376
2377 2379
2382 2383
2386 2390
2394 2395
2397 2402
2406 2412
2422 2423
2427 2434
2435 2441
2443 2445
2447 2448
2450 2451
2455 2456
2458 2469
2479 2481
2482 2483
2486 2488
2490 2495
2497 2498
2501 2505
2506 2508
2509 2513
2514 2515
2516 2517
2519 2522
2527 2528
2529 2535
2538 2545
2548 2549
2550 2553
2554 2556
2559 2560
2562 2567
2568 2569
2573 2574
2575 2576
2578 2580
2583 2584
2585 2586
2587 2593
2594 2595
2597 2599
2600 2601
2603 2608
2611 2612
2613 2616
2618 2620
2621 2623
2627 2628
2629 2632
2635 2639
2642 2645
2649 2653
2654 2657
2659 2660
2661 2662
2663 2665
2677 2679
2680 2683
2690 2693
2695 2697
2700 2704
2705 2713
2714 2716
2722 2725
2727 2730
2734 2738
2742 2744
2746 2749
2751 2752
2753 2754
2755 2757
2758 2762
2763 2765
2766 2767
2768 2770
2771 2772
2774 2775
2777 2778
2779 2781
2782 2785
2787 2789
2790 2792
2794 2801
2802 2805
2806 2807
2808 2815
2817 2818
2819 2820
2822 2823
2825 2828
2829 2831
2832 2833
2835 2840
2842 2843
2844 2846
2847 2848
2853 2854
2857 2858
2859 2861
2862 2866
2869 2870
2874 2877
2879 2883
2884 2886
2887 2889
2890 2897
2902 2905
2907 2908
2911 2913
2914 2915
2917 2918
2921 2922
2925 2927
2928 2929
2934 2935
2937 2944
2947 2949
2955 2958
2960 2964
2965 2966
2968 2969
2972 2975
2982 2984
2987 2989
2991 2992
2994 2997
3004 3005
3006 3008
3009 3010
3018 3022
3023 3024
3026 3030
3034 3040
3043 3048
3050 3052
3053 3054
3058 3059
3061 3065
3068 3069
3072 3074
3076 3078
3082 3083
3084 3085
3088 3097
3098 3112
3114 3115
3116 3118
3121 3124
3125 3128
3130 3135
3137 3139
3141 3143
3144 3145
3148 3151
3153 3155
3156 3164
3166 3167
3168 3173
3174 3176
3177 3178
3179 3181
3183 3185
3188 3194
3195 3201
3202 3204
3209 3212
3213 3215
3218 3219
3225 3226
3228 3229
3232 3235
3240 3242
3246 3247
3251 3252
3259 3262
3263 3264
3265 3267
3268 3269
3270 3275
3276 3281
3285 3286
3288 3290
3292 3293
3295 3296
3297 3298
3301 3302
3308 3310
3311 3314
3316 3320
3321 3324
3329 3330
3332 3333
3334 3335
3337 3340
3341 3342
3344 3345
3353 3354
3356 3358
3361 3364
3366 3367
3370 3377
3378 3383
3386 3389
3390 3391
3392 3394
3398 3399
3402 3404
3405 3406
3409 3412
3413 3414
3415 3423
3424 3425
3426 3427
3428 3430
3438 3439
3450 3451
3454 3455
3458 3470
3476 3477
3481 3483
3486 3487
3488 3490
3494 3496
3510 3511
3513 3518
3523 3526
3527 3529
3532 3533
3535 3538
3540 3542
3543 3545
3549 3552
3556 3557
3559 3561
3562 3564
3565 3567
3569 3570
3571 3572
3573 3574
3575 3577
3578 3579
3581 3585
3587 3589
3590 3591
3592 3594
3595 3596
3598 3605
3606 3612
3621 3622
3625 3626
3632 3633
3634 3637
3639 3640
3642 3644
3646 3647
3649 3653
3654 3655
3658 3659
3660 3663
3667 3668
3670 3679
3680 3681
3682 3684
3685 3687
3688 3690
3694 3696
3697 3698
3699 3702
3703 3705
3706 3711
3712 3719
3721 3725
3727 3729
3730 3732
3733 3734
3736 3739
3749 3751
3754 3755
3759 3763
3764 3765
3766 3767
3768 3769
3771 3773
3774 3776
3777 3779
3781 3786
3787 3789
3790 3791
3792 3798
3799 3801
3805 3806
3809 3811
3813 3815
3816 3818
3821 3822
3829 3831
3833 3834
3835 3838
3839 3842
3845 3847
3849 3852
3855 3857
3861 3863
3864 3868
3869 3871
3872 3874
3876 3877
3878 3879
3880 3885
3891 3892
3898 3900
3902 3906
3908 3910
3914 3915
3916 3917
3918 3922
3926 3927
3929 3930
3931 3934
3936 3937
3939 3943
3945 3949
3950 3951
3957 3959
3961 3962
3967 3968
3971 3972
3974 3977
3978 3981
3984 3990
3991 3996
3998 3999
4001 4003
4008 4009
4012 4016
4018 4020
4022 4023
4025 4026
4029 4030
4031 4034
4036 4039
4041 4042
4043 4045
4046 4047
4051 4054
4055 4056
4059 4060
4061 4064
4065 4066
4067 4069
4071 4073
4074 4078
4079 4084
4090 4092
4094 4095
4097 4100
4102 4106
4108 4109
4111 4117
4119 4120
4121 4128
4130 4133
4134 4135
4136 4138
4142 4143
4144 4146
4151 4157
4161 4162
4164 4165
4166 4169
4171 4173
4174 4181
4182 4185
4189 4192
4193 4194
4195 4202
4204 4205
4208 4209
4210 4212
4213 4217
4220 4221
4224 4227
4230 4233
4236 4238
4239 4240
4244 4246
4250 4255
4256 4259
4262 4263
4265 4268
4271 4272
4273 4274
4277 4278
4281 4282
4285 4288
4290 4291
4293 4295
4298 4300
4302 4304
4307 4309
4311 4313
4320 4323
4324 4330
4334 4339
4342 4343
4347 4349
4353 4355
4358 4359
4360 4361
4364 4366
4367 4370
4371 4375
4377 4378
4382 4383
4385 4386
4390 4391
4393 4395
4404 4406
4407 4408
4412 4413
4415 4417
4418 4419
4422 4429
4430 4433
4436 4438
4441 4442
4447 4449
4452 4453
4454 4463
4464 4466
4467 4468
4472 4474
4475 4482
4484 4489
4499 4501
4502 4504
4506 4507
4508 4510
4512 4513
4518 4521
4527 4528
4529 4532
4533 4535
4536 4537
4538 4541
4542 4545
4548 4554
4557 4563
4566 4568
4570 4575
4576 4578
4581 4582
4583 4584
4585 4589
4593 4594
4595 4596
4599 4604
4606 4607
4610 4611
4612 4615
4616 4621
4623 4624
4634 4635
4636 4637
4639 4642
4643 4644
4645 4647
4651 4657
4662 4665
4667 4669
4671 4672
4674 4675
4676 4677
4678 4679
4680 4681
4683 4686
4687 4688
4691 4697
4704 4707
4713 4719
4721 4722
4725 4726
4730 4731
4733 4737
4742 4743
4746 4749
4751 4752
4753 4757
4759 4760
4761 4762
4764 4767
4772 4773
4774 4777
4778 4780
4787 4789
4791 4794
4797 4798
4800 4801
4804 4808
4809 4811
4813 4814
4817 4819
4820 4822
4823 4824
4825 4826
4830 4831
4832 4837
4840 4841
4842 4846
4847 4848
4851 4852
4854 4858
4859 4860
4862 4864
4865 4866
4867 4868
4872 4879
4881 4882
4883 4884
4885 4886
4888 4890
4891 4895
4899 4900
4901 4902
4904 4907
4910 4911
4916 4918
4922 4923
4928 4930
4931 4935
4937 4939
4941 4942
4944 4946
4950 4952
4954 4958
4959 4960
4962 4965
4967 4970
4985 4986
4987 4988
4989 4991
4997 4998
4999 5001
5002 5012
5014 5015
5017 5020
5023 5024
5026 5031
5037 5039
5045 5046
5049 5051
5054 5057
5060 5064
5066 5069
5070 5072
5073 5077
5081 5085
5090 5091
5095 5096
5102 5103
5109 5110
5111 5113
5115 5118
5119 5120
5121 5122
5123 5127
5130 5131
5133 5134
5137 5142
5144 5145
5148 5149
5158 5162
5164 5166
5170 5174
5175 5179
5180 5182
5187 5188
5192 5193
5194 5195
5196 5203
5206 5211
5219 5221
5223 5226
5228 5230
5242 5244
5248 5249
5258 5260
5261 5263
5265 5270
5271 5272
5275 5276
5278 5280
5282 5283
5284 5287
5289 5291
5293 5294
5296 5298
5299 5300
5303 5305
5306 5311
5312 5313
5316 5320
5322 5323
5324 5328
5330 5332
5333 5334
5337 5338
5339 5341
5342 5343
5344 5346
5347 5348
5349 5350
5353 5354
5356 5357
5358 5359
5360 5361
5362 5367
5373 5379
5380 5383
5386 5388
5392 5393
5396 5397
5400 5404
5412 5415
5416 5420
5425 5426
5433 5437
5441 5442
5446 5448
5449 5450
5452 5453
5462 5466
5468 5470
5472 5474
5476 5477
5480 5482
5488 5489
5494 5499
5503 5508
5513 5515
5516 5517
5521 5522
5524 5525
5532 5534
5544 5549
5551 5552
5553 5554
5557 5559
5564 5569
5578 5579
5580 5581
5597 5601
5603 5606
5609 5610
5612 5613
5614 5616
5617 5618
5619 5621
5624 5625
5628 5629
5631 5632
5634 5643
5644 5645
5646 5649
5655 5656
5657 5659
5666 5670
5675 5676
5678 5679
5681 5682
5684 5687
5690 5694
5696 5697
5698 5700
5702 5704
5707 5709
5710 5713
5718 5721
5722 5723
5730 5731
5737 5739
5741 5742
5743 5744
5747 5748
5752 5753
5754 5756
5759 5761
5763 5767
5770 5777
5778 5782
5783 5784
5786 5787
5788 5793
5794 5797
5803 5804
5805 5806
5810 5813
5816 5817
5819 5820
5823 5824
5829 5830
5831 5833
5839 5840
5845 5853
5854 5856
5857 5859
5861 5862
5865 5866
5867 5869
5870 5872
5875 5876
5877 5878
5880 5882
5884 5885
5887 5889
5891 5903
5909 5910
5912 5914
5923 5925
5928 5933
5938 5940
5941 5944
5948 5949
5950 5956
5957 5959
5961 5965
5966 5967
5970 5978
5979 5980
5981 5984
5986 5987
5991 5998
5999 6001
6003 6005
6007 6009
6010 6011
6012 6015
6016 6020
6022 6025
6026 6031
6033 6035
6037 6039
6040 6043
6044 6045
6046 6047
6056 6061
6065 6070
6071 6072
6073 6074
6075 6079
6081 6086
6088 6095
6097 6099
6104 6108
6109 6110
6111 6112
6113 6119
6120 6127
6138 6142
6143 6144
6145 6148
6149 6154
6155 6157
6163 6165
6168 6169
6171 6178
6179 6182
6183 6184
6185 6187
6191 6192
6194 6198
6199 6204
6208 6212
6213 6215
6216 6217
6218 6221
6224 6230
6231 6235
6237 6238
6242 6245
6246 6247
6248 6249
6251 6253
6257 6259
6264 6265
6269 6271
6275 6278
6281 6282
6283 6285
6287 6289
6290 6295
6299 6303
6306 6309
6316 6317
6318 6322
6326 6327
6330 6332
6333 6337
6342 6347
6349 6350
6351 6358
6360 6361
6362 6364
6365 6366
6369 6373
6375 6376
6378 6380
6381 6383
6384 6385
6387 6389
6391 6393
6394 6395
6401 6402
6403 6404
6406 6411
6413 6416
6417 6419
6421 6422
6424 6425
6426 6427
6436 6440
6441 6444
6447 6449
6450 6455
6457 6458
6459 6461
6462 6464
6467 6468
6472 6473
6478 6479
6480 6487
6492 6493
6496 6497
6498 6499
6501 6502
6505 6515
6516 6519
6523 6527
6530 6531
6532 6544
6545 6548
6549 6554
6555 6556
6557 6559
6561 6564
6567 6570
6571 6573
6578 6581
6586 6587
6591 6593
6594 6598
6603 6605
6607 6609
6610 6612
6614 6615
6616 6622
6627 6629
6636 6638
6642 6649
6650 6651
6656 6663
6664 6671
6674 6675
6680 6682
6683 6686
6688 6689
6692 6693
6701 6704
6706 6712
6713 6714
6715 6716
6721 6722
6724 6725
6729 6730
6731 6733
6739 6750
6752 6753
6755 6756
6758 6759
6762 6765
6767 6769
6770 6771
6772 6773
6776 6779
6782 6784
6787 6788
6791 6792
6795 6796
6799 6805
6806 6809
6812 6815
6818 6820
6822 6826
6827 6829
6830 6831
6833 6840
6842 6843
6844 6845
6846 6848
6851 6855
6859 6863
6870 6872
6874 6876
6880 6884
6886 6888
6889 6891
6900 6901
6902 6905
6910 6912
6915 6918
6921 6925
6929 6933
6937 6947
6953 6954
6959 6962
6963 6965
6966 6967
6972 6979
6985 6988
6989 6990
6991 6992
6995 6996
6997 7001
7002 7004
7005 7012
7013 7018
7021 7023
7024 7025
7027 7028
7031 7032
7034 7036
7040 7043
7051 7053
7057 7059
7061 7066
7068 7070
7071 7072
7077 7080
7081 7082
7083 7088
7090 7092
7095 7098
7099 7100
7101 7102
7108 7109
7110 7114
7116 7120
7121 7135
7138 7142
7144 7147
7154 7159
7160 7161
7165 7166
7168 7169
7171 7172
7183 7188
7191 7193
7197 7204
7206 7209
7210 7222
7223 7224
7225 7229
7231 7233
7234 7236
7239 7250
7253 7256
7257 7258
7260 7262
7264 7272
7273 7274
7275 7276
7277 7279
7280 7285
7287 7293
7294 7296
7299 7301
7313 7316
7318 7319
7321 7322
7323 7328
7329 7330
7334 7335
7336 7339
7340 7341
7342 7345
7347 7350
7353 7365
7368 7369
7370 7372
7373 7375
7378 7381
7382 7383
7384 7386
7387 7389
7390 7391
7393 7395
7396 7397
7400 7401
7403 7404
7405 7406
7408 7411
7413 7420
7422 7423
7424 7425
7428 7430
7433 7434
7437 7438
7439 7440
7441 7447
7453 7454
7455 7457
7459 7463
7466 7467
7468 7470
7471 7473
7474 7475
7476 7486
7487 7490
7495 7496
7504 7505
7512 7513
7514 7515
7525 7526
7533 7536
7537 7538
7543 7545
7551 7552
7557 7559
7562 7565
7568 7570
7571 7573
7574 7581
7586 7587
7593 7597
7598 7599
7602 7605
7607 7608
7613 7614
7616 7617
7618 7620
7621 7624
7625 7629
7632 7634
7639 7640
7645 7646
7647 7648
7650 7651
7658 7660
7666 7667
7669 7671
7675 7676
7681 7682
7683 7693
7696 7697
7698 7699
7700 7705
7707 7710
7711 7712
7714 7716
7718 7719
7723 7724
7725 7726
7727 7729
7730 7734
7735 7738
7739 7740
7741 7742
7743 7762
7764 7767
7769 7771
7772 7774
7775 7776
7779 7784
7785 7787
7788 7798
7799 7800
7801 7802
7803 7808
7809 7810
7811 7812
7817 7818
7821 7832
7833 7834
7835 7836
7837 7838
7839 7841
7843 7850
7851 7852
7853 7854
7861 7862
7863 7868
7875 7876
7879 7881
7882 7884
7890 7891
7893 7894
7895 7902
7903 7905
7909 7910
7911 7912
7914 7915
7918 7920
7921 7923
7928 7929
7930 7933
7934 7936
7938 7943
7945 7947
7948 7949
7950 7953
7954 7955
7956 7957
7959 7961
7964 7966
7967 7969
7971 7975
7976 7980
7982 7986
7987 7991
7992 7994
7997 7999
8000 8002
8005 8006
8010 8020
8022 8026
8030 8031
8034 8045
8050 8053
8057 8059
8061 8065
8067 8069
8081 8082
8084 8085
8087 8088
8094 8098
8101 8102
8103 8105
8107 8110
8113 8116
8117 8118
8119 8121
8122 8124
8126 8128
8130 8131
8134 8136
8138 8145
8150 8155
8158 8160
8161 8164
8168 8171
8172 8173
8175 8177
8180 8182
8185 8191
8192 8197
8204 8206
8214 8216
8220 8228
8229 8230
8232 8233
8234 8235
8236 8237
8240 8243
8246 8249
8258 8259
8262 8267
8272 8273
8275 8276
8286 8290
8291 8292
8293 8297
8299 8303
8309 8311
8314 8316
8320 8328
8329 8333
8335 8340
8341 8342
8344 8345
8346 8347
8348 8349
8351 8352
8353 8356
8360 8365
8367 8371
8372 8375
8376 8379
8380 8382
8386 8392
8394 8396
8397 8398
8399 8400
8403 8404
8407 8410
8411 8413
8416 8418
8420 8421
8423 8424
8425 8427
8428 8431
8434 8435
8439 8443
8444 8446
8448 8449
8457 8460
8464 8468
8471 8478
8479 8482
8484 8490
8494 8495
8496 8497
8498 8500
8501 8502
8503 8507
8508 8510
8511 8512
8513 8515
8518 8525
8527 8528
8529 8533
8534 8539
8540 8541
8544 8547
8555 8559
8560 8566
8568 8569
8570 8572
8575 8576
8581 8582
8586 8590
8593 8594
8595 8596
8598 8600
8602 8604
8605 8607
8609 8612
8615 8618
8620 8621
8626 8627
8637 8641
8642 8650
8652 8653
8654 8661
8662 8663
8666 8669
8670 8672
8674 8675
8676 8681
8682 8683
8688 8690
8693 8694
8697 8699
8701 8703
8704 8707
8708 8711
8716 8723
8725 8728
8730 8732
8734 8737
8741 8742
8744 8747
8752 8754
8756 8757
8761 8766
8767 8769
8772 8774
8775 8778
8784 8785
8787 8788
8792 8793
8795 8802
8804 8806
8811 8813
8816 8818
8820 8822
8823 8826
8832 8833
8836 8837
8839 8840
8845 8846
8849 8855
8858 8860
8861 8865
8867 8868
8870 8872
8873 8876
8878 8879
8882 8884
8885 8888
8889 8891
8892 8895
8899 8900
8901 8903
8906 8908
8910 8912
8913 8914
8917 8918
8919 8922
8923 8925
8926 8929
8930 8934
8936 8939
8943 8947
8951 8962
8964 8965
8966 8967
8968 8969
8974 8976
8980 8982
8989 8990
8991 8992
8993 8997
8998 8999
9002 9006
9008 9010
9013 9019
9022 9024
9025 9029
9030 9034
9037 9040
9043 9044
9048 9050
9053 9055
9056 9057
9059 9063
9064 9065
9069 9071
9073 9074
9075 9079
9081 9082
9083 9090
9093 9095
9099 9100
9107 9109
9112 9113
9114 9115
9116 9118
9125 9126
9131 9133
9134 9135
9136 9137
9139 9140
9144 9145
9146 9147
9148 9151
9152 9154
9155 9161
9162 9163
9167 9169
9171 9173
9178 9180
9182 9187
9189 9190
9191 9193
9196 9198
9199 9201
9207 9208
9210 9216
9220 9226
9231 9232
9236 9237
9240 9241
9242 9245
9246 9248
9252 9254
9262 9263
9269 9272
9273 9276
9279 9280
9282 9283
9284 9286
9294 9299
9302 9306
9307 9312
9313 9314
9315 9318
9323 9325
9326 9329
9330 9331
9332 9342
9347 9348
9349 9350
9357 9359
9360 9364
9365 9366
9368 9369
9370 9371
9373 9375
9383 9384
9386 9387
9389 9394
9395 9396
9399 9400
9403 9406
9411 9412
9413 9414
9415 9416
9418 9420
9421 9423
9427 9428
9432 9433
9436 9440
9444 9445
9447 9451
9452 9456
9457 9464
9466 9467
9470 9474
9475 9480
9483 9484
9486 9487
9489 9490
9491 9492
9497 9498
9503 9506
9509 9510
9515 9516
9518 9519
9520 9522
9523 9524
9525 9526
9527 9530
9531 9533
9535 9536
9539 9541
9549 9551
9552 9554
9556 9559
9564 9567
9571 9572
9580 9581
9585 9589
9595 9598
9599 9604
9605 9607
9608 9609
9611 9615
9616 9618
9619 9623
9625 9626
9627 9629
9630 9631
9636 9638
9640 9642
9643 9644
9646 9649
9651 9652
9657 9659
9661 9662
9663 9664
9666 9668
9672 9673
9676 9677
9680 9681
9692 9695
9699 9700
9707 9711
9713 9714
9719 9720
9727 9729
9732 9734
9740 9741
9742 9743
9744 9747
9748 9754
9756 9758
9760 9763
9764 9765
9766 9767
9768 9769
9774 9775
9778 9786
9788 9791
9794 9795
9799 9802
9804 9805
9809 9811
9813 9815
9816 9817
9818 9819
9821 9823
9824 9826
9828 9831
9836 9838
9839 9840
9845 9846
9847 9848
9849 9856
9857 9858
9862 9863
9869 9873
9874 9877
9885 9886
9887 9893
9895 9905
9910 9912
9914 9916
9917 9920
9921 9922
9929 9930
9931 9933
9936 9938
9939 9940
9942 9943
9944 9945
9946 9948
9951 9952
9954 9955
9956 9957
9961 9963
9964 9966
9968 9971
9972 9973
9974 9978
9979 9981
9987 9990
9991 9992
9995 9996
9997 9999
