5814 289654
109 162
165 217
458 486
499 515
751 757
896 899
982 1025
1060 1132
1166 1205
1274 1424
1433 1510
1738 1971
1994 2300
2392 2483
2520 2586
2633 2838
2986 3067
3079 3160
3212 3311
3417 3432
3582 3585
3662 3726
3865 3879
3904 3953
4144 4306
4334 4439
4506 4570
4603 4662
4734 4816
4828 4891
4949 4999
5016 5046
5059 5170
5186 5455
5623 5640
5641 5786
5789 5910
5935 5955
5995 6060
6099 6396
6854 6949
7175 7264
7313 7454
7490 7506
7514 7557
7629 7652
7746 7981
8020 8026
8040 8145
8171 8320
8321 8349
8428 8566
8786 8932
9005 9050
9315 9479
9534 9649
9703 9806
9827 9890
9902 9981
10037 10068
10149 10228
10302 10312
10497 10608
10628 10647
10820 10878
10985 11138
11327 11530
11727 11946
12018 12032
12043 12060
12111 12204
12330 12388
12392 12464
12522 12554
12613 12733
12817 12821
12857 12929
13328 13351
13489 13537
13617 13724
13822 13832
13925 13941
14052 14096
14150 14171
14176 14179
14294 14340
14675 14726
14791 14829
14921 14999
15047 15051
15200 15203
15414 15425
15535 15701
15755 16026
16150 16169
16228 16366
16543 16559
16594 16597
16736 16836
16914 17102
17159 17161
17255 17303
17316 17319
17554 17566
17630 17895
17935 18000
18002 18071
18250 18255
18311 18337
18410 18493
18500 18534
19053 19241
19347 19533
19582 19819
19944 20078
20154 20210
20353 20413
20457 20512
20534 20662
20721 20834
20934 20959
21199 21209
21229 21385
21418 21572
21620 21670
21897 21921
22230 22394
22496 22523
22699 22774
22871 23007
23052 23096
23133 23139
23405 23412
23440 23466
23541 23875
23949 23954
23990 24037
24147 24201
24213 24246
24254 24394
24637 24737
24794 24863
24876 24893
24894 24955
25060 25067
25257 25308
25524 25716
25753 25766
25782 25878
25893 25928
25964 25982
26088 26093
26141 26216
26279 26425
26450 26570
26685 26890
27064 27076
27120 27239
27257 27397
27568 27573
27589 27636
27785 27912
28093 28121
28126 28135
28309 28313
28414 28418
28445 28446
28505 28506
28520 28561
28648 28846
28890 28952
28964 29084
29101 29202
29248 29296
29432 29531
29709 30017
30244 30372
30599 30701
30849 30874
30903 30944
31024 31199
31267 31341
31525 31608
31760 31912
31915 32023
32038 32126
32599 32654
32678 32769
32801 32899
33121 33171
33180 33291
33402 33947
33967 34030
34044 34132
34144 34416
34421 34565
34787 35114
35559 35915
35990 35995
36017 36138
36198 36206
36319 36327
36440 36738
36810 36943
37183 37326
37470 37523
37722 37727
37769 37782
37784 38017
38044 38074
38132 38148
38159 38250
38349 38400
38498 38648
38656 38700
38705 38864
38876 38880
39186 39289
39446 39527
39552 39996
40027 40149
40151 40259
40355 40382
40400 40444
40452 40648
40789 40805
40839 40888
41027 41104
41166 41265
41266 41274
41321 41451
41523 41592
41595 41664
42165 42212
42294 42367
42444 42447
42487 42593
42637 42669
42729 43121
43236 43273
43355 43511
43661 43706
43812 43861
44049 44050
44073 44169
44466 44510
44553 44555
44558 44560
44796 44881
44896 44914
44945 45047
45154 45288
45311 45499
45532 45601
45703 45774
45932 46132
46185 46353
46603 46608
46652 46685
46720 46792
46810 46833
46863 46979
47021 47272
47327 47389
47559 47729
47737 48147
48292 48488
48520 48538
48552 48555
48567 48664
48776 48880
49093 49140
49209 49225
49329 49506
49556 49619
49756 49799
49803 49886
49956 50240
50281 50374
50483 50712
50724 50791
50815 51013
51062 51126
51255 51469
51479 51607
51706 51761
51969 51981
52106 52323
52349 52464
52511 52704
52710 52768
52867 53047
53203 53277
53427 53492
53516 53521
53758 53778
53914 53952
54023 54083
54122 54169
54191 54392
54599 54657
54825 54836
54950 55007
55047 55123
55240 55251
55490 55491
55664 55703
55720 55756
55776 55852
55860 55953
55991 56189
56478 56550
56800 56808
57015 57022
57148 57364
57404 57471
57566 57596
57700 57750
57767 57857
57899 57915
57999 58092
58094 58131
58255 58260
58354 58406
58439 58506
58520 58630
58745 58781
58788 58819
58845 58902
58905 58996
59057 59201
59224 59230
59558 59566
59643 59677
59790 59862
59901 60105
60140 60264
60274 60411
60448 60616
60670 60705
60756 60984
60989 61113
61184 61264
61310 61320
61329 61613
61629 61750
61844 61982
62359 62362
62371 62511
62523 62528
62549 62605
62705 62710
62959 62975
63016 63047
63235 63251
63399 63433
63597 63626
63643 63671
63914 64026
64038 64151
64192 64232
64298 64359
64625 64847
64872 65054
65156 65234
65292 65304
65472 65525
65536 65700
65714 66031
66033 66161
66181 66336
66357 66393
66430 66474
66510 66715
66735 66812
66956 66974
67125 67254
67401 67420
67491 67735
67778 67860
67895 67927
67941 67950
68036 68066
68069 68074
68106 68115
68269 68305
68623 68654
68697 68709
68744 68756
68833 68920
68922 68938
68939 69009
69020 69034
69371 69394
69497 69537
69868 70047
70071 70316
70401 70451
70520 70549
70565 70750
70957 71049
71095 71541
71592 71596
71607 71616
71862 71978
72029 72181
72237 72244
72397 72405
72540 72555
72754 73011
73020 73045
73055 73067
73211 73305
73488 73577
73588 73614
73620 73677
73729 73864
73955 73968
74028 74056
74154 74186
74206 74539
74812 75018
75050 75399
75432 75454
75605 76034
76045 76062
76090 76171
76250 76258
76338 76408
76443 76940
76946 77229
77240 77336
77774 77911
77925 77936
77997 78074
78231 78517
78668 78840
78857 79017
79070 79135
79198 79329
79564 79577
79612 79904
80023 80087
80242 80405
80438 80557
80612 80649
80658 80712
80809 81056
81104 81175
81248 81303
81521 81643
81681 81716
81826 81871
82100 82113
82176 82305
82408 82422
82494 82779
82823 82827
82965 83099
83304 83336
83574 83686
83707 83724
83835 84076
84100 84228
84267 84298
84322 84389
84492 84497
84556 84686
84766 84781
84859 84886
85225 85266
85336 85395
85405 85469
85521 85535
85595 85755
85788 85894
85906 85913
85931 85976
85981 85987
86052 86235
86241 86290
86304 86449
86497 86613
86674 86761
86840 86880
86954 87013
87015 87024
87057 87059
87401 87405
87539 87672
87710 87799
87805 87823
87851 87862
87912 87972
88035 88036
88191 88269
88412 88598
88614 88686
88853 88872
89029 89098
89166 89312
89486 89592
89633 89671
89678 89752
89951 90088
90144 90451
90535 90595
90635 90682
90700 90711
90740 90948
91004 91260
91344 91390
91426 91446
91578 91619
91655 91741
91963 92152
92160 92164
92247 92264
92283 92306
92549 92621
92729 92803
92811 92876
93045 93046
93080 93115
93259 93369
93431 93499
93592 93644
93678 93721
93759 93794
93805 93860
93867 93887
93953 94009
94065 94083
94268 94309
94418 94443
94508 94520
94583 94624
94668 94725
94898 94926
94945 95023
95060 95073
95120 95134
95187 95292
95303 95311
95439 95445
95452 95487
95580 95696
95719 95762
95925 96010
96305 96314
96360 96488
96696 96708
96744 96766
96847 96994
97037 97137
97305 97701
97853 98012
98509 98591
98691 98740
98941 99031
99146 99181
99188 99315
99456 99557
99620 99782
99794 99835
99855 99914
99955 100005
100044 100055
100266 100302
100480 100653
100789 100932
100975 101159
101198 101215
101290 101432
101446 101492
101572 101652
101796 101828
101942 102055
102109 102121
102123 102241
102426 102473
102474 102547
102555 102586
102600 102616
102663 102829
102839 103012
103033 103048
103139 103166
103171 103253
103302 103336
103340 103394
103405 103628
103664 103899
103914 104003
104024 104108
104135 104392
104466 104542
105019 105055
105057 105144
105169 105285
105330 105416
105466 105650
105707 105745
105784 105906
105922 105961
106032 106340
106376 106753
106768 106786
107003 107061
107077 107107
107165 107185
107231 107317
107419 107455
107473 107492
107519 107571
107584 107594
107723 107735
107777 107886
107916 108010
108035 108197
108211 108294
108301 108615
108629 109017
109094 109268
109329 109461
109556 109558
109900 109988
110007 110224
110235 110276
110307 110524
110546 110729
110746 110957
110988 111047
111224 111231
111411 111453
111528 111632
111666 111668
111728 111774
111797 111898
112109 112124
112249 112331
112335 112351
112368 112461
112568 112665
112858 113009
113201 113333
113369 113601
113693 113755
113777 113784
113785 113897
113965 113968
114058 114124
114185 114197
114228 114362
114391 114409
114610 114825
114896 114918
114973 114995
115040 115165
115254 115306
115600 115648
115653 115835
115949 115956
115979 116017
116060 116277
116460 116523
116576 116622
116804 116896
116908 117029
117051 117451
117490 117492
117537 117599
117752 117844
117960 117982
118054 118140
118259 118275
118340 118358
118364 118542
118620 118701
118783 119069
119106 119382
119424 119502
119528 119543
119545 119561
119584 119624
119657 119727
119740 119904
120085 120103
120123 120334
120343 120416
120813 120828
120938 121188
121288 121332
121497 121514
121627 121836
121891 121972
122113 122117
122303 122322
122485 122724
122791 122837
122883 122896
122897 122933
122940 123048
123107 123122
123309 123310
123364 123500
123603 123764
123834 123914
123948 123959
124061 124077
124176 124284
124309 124493
124594 124724
124742 124851
124869 124993
125130 125177
125248 125267
125636 125739
125761 125814
125906 125943
126052 126072
126099 126147
126148 126168
126287 126295
126462 126482
126542 126544
126589 126616
126669 126839
126917 126920
127095 127192
127270 127358
127403 127428
127460 127644
127788 127801
127855 127971
128117 128157
128263 128476
128496 128576
128631 128655
128759 128864
128916 129116
129464 129468
129483 129484
129535 129564
129585 129753
129837 129929
129953 130139
130239 130258
130287 130337
130406 130483
130955 131058
131275 131380
131455 131742
131870 131899
131921 132128
132208 132247
132764 132832
132885 132908
132968 132991
133079 133089
133120 133220
133266 133383
133457 133541
133767 133794
133895 133922
134094 134216
134217 134294
134344 134547
134657 134772
134931 135071
135077 135082
135117 135185
135398 135462
135475 135570
135664 135712
135722 135760
135803 135822
135928 136063
136169 136192
136206 136246
136423 136585
136722 137138
137160 137251
137437 137443
137587 137590
137741 138007
138013 138016
138032 138055
138437 138454
138522 138608
138815 138919
138998 139000
139080 139208
139254 139702
139916 139961
140061 140077
140100 140276
140303 140326
140377 140439
140624 140658
140661 140717
141056 141059
141061 141094
141359 141363
141451 141579
141716 141807
142024 142032
142108 142172
142184 142214
142234 142275
142533 142620
142661 142762
142840 142884
142935 142951
143039 143542
143623 143730
143894 144029
144267 144441
144493 144579
144706 144770
144948 144980
145263 145318
145428 145484
145737 145739
145821 145893
145908 146064
146094 146162
146252 146400
146542 146601
146606 146698
146739 146923
146982 147330
147365 147399
147424 147486
147521 147670
147722 147785
148001 148099
148148 148155
148268 148319
148421 148427
148465 148562
148597 148602
149006 149097
149103 149128
149290 149294
149598 149777
149799 149817
149904 149915
150107 150191
150247 150308
150347 150365
150386 150635
150688 150708
150765 150782
150803 150805
150883 150964
150974 150993
151164 151181
151187 151338
151361 151435
151443 151444
151540 151543
151565 151566
151615 151772
151801 151846
151982 152113
152128 152159
152226 152301
152397 152432
152489 152492
152624 152654
152906 152985
153035 153110
153314 153333
153340 153418
153433 153493
153744 153868
154188 154237
154241 154265
154286 154403
154566 154842
154901 154935
154965 155118
155132 155295
155347 155402
155546 155759
155808 155851
155873 156015
156177 156364
156393 156405
156420 156434
156553 156635
156703 156748
156788 156897
156954 156979
157025 157040
157115 157176
157263 157504
157507 157590
157641 157754
157849 157954
157989 157996
158026 158232
158391 158428
158457 158526
158815 158976
159196 159289
159422 159539
159606 159639
159707 159745
159776 159948
159991 159993
159995 160031
160061 160106
160179 160284
160374 160389
160511 160675
160967 160969
161097 161103
161176 161208
161230 161271
161311 161359
161376 161487
161607 161831
161876 161893
161904 161947
162121 162373
162536 162577
162835 162860
162871 162910
162919 162998
163003 163187
163251 163333
163342 163347
163386 163755
163795 164016
164087 164146
164407 164499
164596 164819
164826 164836
164952 165095
165287 165320
165380 165382
165645 165701
165839 165845
165983 166037
166102 166201
166356 166401
166631 166781
166845 166984
167050 167060
167063 167111
167275 167397
167423 167473
167604 167651
167761 167766
167833 167964
168046 168387
168495 168572
168602 168644
168675 168743
168833 169283
169579 169611
169745 169796
169857 170080
170139 170348
170381 170440
170472 170679
170735 170793
170836 170972
171009 171114
171116 171237
171241 171255
171277 171427
171474 171494
171572 171577
171668 171764
171950 172213
172253 172290
172367 172682
173090 173231
173382 173404
173731 173782
173799 173816
173898 174036
174146 174167
174267 174328
174405 174414
174591 174744
174790 175051
175212 175246
175386 175398
175486 175619
175657 175708
175712 175748
175857 175943
176006 176170
176270 176287
176300 176397
176517 176657
177008 177020
177056 177388
177453 177590
177613 177643
177714 177834
178116 178155
178199 178218
178222 178252
178384 178528
178615 178810
179032 179057
179181 179208
179264 179282
179414 179490
179658 179691
179769 179872
180019 180052
180269 180537
180554 180692
180755 180908
180916 180969
181142 181264
181282 181357
181401 181406
181567 181717
181772 181789
181798 181957
182015 182122
182241 182381
182408 182516
182557 182567
182645 182685
182922 182986
182994 183014
183157 183208
183407 183567
183615 183651
184079 184306
184373 184549
184666 184852
185238 185251
185333 185334
185537 185555
185580 185676
185765 185794
185921 185984
186129 186288
186344 186349
186360 186437
186770 186902
187039 187186
187190 187319
187348 187569
187586 187596
187700 187790
187811 187935
187964 187968
187988 188066
188276 188290
188348 188378
188388 188859
188977 189017
189022 189034
189050 189062
189220 189255
189287 189346
189508 189651
189821 189873
189898 189999
190153 190183
190256 190539
190638 190660
190701 190710
190845 190938
190963 190968
191062 191087
191101 191114
191539 191564
191635 191722
191781 191819
192014 192102
192127 192161
192176 192288
192578 192656
192672 192729
192780 192808
193066 193097
193185 193190
193222 193381
193692 193710
193974 193975
194252 194305
194332 194377
194406 194524
194550 194571
194593 194617
194783 194807
194808 194825
194859 195020
195060 195135
195149 195238
195280 195480
195534 195965
196015 196056
196092 196109
196313 196360
196371 196489
196887 197114
197241 197252
197317 197412
197587 198085
198131 198157
198175 198192
198228 198356
198499 198505
198536 198659
198699 198800
198809 198924
199123 199169
199288 199304
199414 199513
199550 199600
199648 199791
199897 200012
200262 200267
200389 200443
200474 200625
200793 200796
200800 200813
200859 200980
201077 201166
201205 201385
201400 201573
201612 201791
201919 201953
202037 202108
202238 202420
202547 202551
202630 202766
202943 203004
203237 203461
203508 203761
203889 203987
204076 204124
204304 204327
204615 204685
204793 204895
204911 205017
205186 205305
205339 205341
205424 205495
205510 205593
205596 205747
205790 205832
205984 206082
206158 206407
206535 206644
206934 207024
207045 207139
207164 207248
207354 207383
207759 207778
207827 207921
208111 208128
208138 208140
208185 208212
208493 208610
208761 208818
208851 209140
209377 209396
209432 209523
209569 209575
209744 209815
209882 209928
210210 210382
210412 210576
210849 211058
211123 211124
211148 211168
211239 211317
211364 211379
211449 211852
211961 212033
212126 212195
212207 212416
212455 212554
212567 212588
212828 212905
212953 213123
213140 213155
213287 213466
213470 213479
213505 213615
213675 213745
213787 213878
213882 213908
213928 214012
214062 214290
214298 214401
214521 214540
214550 214583
214769 214831
215001 215035
215290 215421
215626 215702
215726 215803
215865 215872
215880 215901
215957 216156
216161 216317
216447 216553
216701 216857
216867 216970
216972 217135
217198 217234
217239 217267
217397 217511
217699 217714
217960 217990
218120 218223
218238 218333
218376 218443
218487 218660
218692 218742
218890 218939
219079 219190
219207 219361
219364 219577
219723 219774
219867 219968
219997 220361
220558 220620
220731 220747
220858 220909
220915 220924
221002 221016
221072 221132
221166 221168
221321 221369
221436 221532
221575 221577
221748 221751
221771 221788
221806 221843
221934 221945
222100 222106
222125 222162
222193 222307
222367 222492
222514 222684
222763 222971
222973 222990
223008 223102
223129 223169
223432 223463
223467 223596
223856 223876
224052 224058
224080 224508
224556 224578
224652 224689
224848 224996
225056 225086
225093 225145
225238 225341
225347 225350
225374 225389
225517 225525
225666 225792
225837 225846
225853 225864
225877 225923
225924 226006
226298 226304
226311 226454
226524 226572
226650 226671
226772 226781
226838 226927
226968 226984
227140 227158
227220 227311
227320 227440
227537 227826
227887 227915
227931 228012
228111 228342
228400 228460
228820 229091
229156 229180
229183 229202
229208 229256
229268 229329
229454 229502
229509 229874
229931 229943
229979 230216
230261 230329
230342 230359
230531 230680
230832 230938
230965 231015
231032 231036
231248 231302
231393 231517
231568 231662
231666 231836
231911 231958
232011 232082
232086 232255
232261 232300
232334 232362
232410 232574
232617 232719
232794 233002
233053 233087
233246 233289
233314 233444
233672 233706
233765 233891
233924 234122
234144 234212
234262 234552
234637 234693
234778 234795
234912 234959
234960 234997
235009 235059
235074 235183
235335 235525
235718 235792
235836 235863
235944 235999
236205 236221
236234 236416
236447 236509
236589 236685
236814 236820
236882 236974
237019 237075
237367 237417
237428 237565
237659 237702
237718 237729
237738 237762
237764 237765
237784 237890
238069 238108
238353 238374
238529 238534
238564 238895
238910 238951
239082 239204
239273 239406
239443 239614
239646 239779
239805 240020
240455 240464
240592 240618
240932 240982
241240 241289
241332 241464
241650 241728
241859 242009
242079 242105
242384 242413
242418 242516
242565 242744
242950 243097
243191 243352
243437 243470
243605 243663
243872 243998
244038 244355
244444 244452
244569 244598
244661 244803
244812 244960
244965 244997
245260 245300
245442 245543
245584 245661
245786 246016
246253 246303
246353 246515
246529 246576
246675 246721
246777 246928
247116 247176
247280 247466
247545 247620
247655 247727
247805 247902
248011 248074
248235 248246
248320 248472
248679 248804
248846 248960
249042 249212
249264 249269
249318 249490
249491 249560
249962 249982
250026 250176
250284 250450
250469 250581
250583 250621
250852 250988
250991 251023
251071 251124
251240 251513
251525 251565
251585 251972
252052 252053
252131 252351
252420 252439
252573 252638
252753 252875
252932 253023
253225 253305
253342 253390
253677 253711
253807 254036
254064 254137
254275 254330
254506 254550
254594 254617
254630 254782
254846 254965
254987 255012
255196 255291
255305 255410
255422 255465
255784 255832
255863 256062
256104 256143
256202 256219
256260 256389
256547 256596
256621 256695
256740 256797
256873 256906
256986 257097
257214 257372
257463 257516
257568 257582
257608 257739
257812 257942
257997 258137
258216 258217
258388 258528
258535 258703
258868 258958
259004 259073
259093 259382
259508 259834
259841 259855
259881 259893
260042 260054
260069 260125
260152 260158
260230 260288
260292 260383
260517 260722
260935 261015
261249 261283
261415 261453
261562 261610
261750 261829
262003 262100
262301 262341
262413 262487
262619 262829
262892 263065
263071 263094
263174 263190
263261 263432
263457 263513
263523 263549
263773 264073
264317 264373
264427 264481
264522 264553
264751 264850
264938 265477
265611 265624
265764 265865
266067 266208
266223 266233
266279 266326
266351 266359
266502 266647
266655 266686
266781 266872
267038 267322
267395 267455
267521 267592
267643 267652
267747 267763
267765 267792
267833 267878
267920 267921
267983 268020
268032 268101
268118 268150
268309 268413
268466 268479
268526 268557
268560 268563
268887 268925
268961 269020
269344 269418
269595 269719
269909 270083
270192 270205
270316 270341
270405 270444
270459 270492
270563 270762
270837 270900
270934 270942
270981 271013
271086 271296
271385 271437
271440 271495
271512 271589
271628 271641
271678 271721
271805 271908
272059 272155
272225 272229
272290 272340
272372 272483
272587 272621
272657 272834
272994 273016
273137 273182
273260 273297
273330 273367
273406 273484
273631 273671
273836 273932
274061 274180
274204 274344
274347 274497
274674 274796
274851 275035
275036 275113
275137 275214
275249 275266
275635 275716
275796 275898
275915 276037
276089 276550
276583 276622
276672 276718
276784 276814
276857 276951
277038 277088
277173 277467
277642 277752
277807 277864
277902 277962
278027 278058
278137 278301
278578 278666
278769 278773
278784 278898
278900 279077
279129 279510
279522 279526
279562 279698
279710 279728
279819 279862
280031 280219
280234 280462
280547 280597
280688 280772
280926 280961
281098 281161
281290 281351
281571 281617
281755 281921
281943 282083
282180 282252
282325 282422
282775 282895
282907 282963
283058 283062
283224 283485
283656 283682
283835 283838
283856 283951
284096 284110
284364 284402
284503 284506
284726 284821
284869 285009
285200 285231
285683 285699
285847 286042
286063 286064
286286 286413
286567 286667
286814 286867
286902 286936
287037 287082
287099 287241
287272 287400
287407 287567
287784 287792
287904 287911
288062 288133
288410 288459
288519 288666
288961 288977
289095 289143
289217 289225
289419 289435
289454 289508
289521 289545
289643 289668
289784 289859
289892 290189
290214 290238
290261 290272
290295 290562
290575 290778
290843 290847
290873 290948
291035 291065
291141 291210
291342 291377
291497 291533
291872 292078
292127 292150
292213 292454
292645 292678
292775 292898
292941 293026
293349 293377
293408 293443
293458 293542
293714 293866
293956 294063
294127 294129
294183 294240
294269 294333
294387 294661
294662 294669
294730 294829
294861 294891
294958 295010
295026 295097
295345 295362
295449 295487
295547 295905
296063 296097
296101 296148
296307 296339
296462 296644
296695 296736
296766 296803
296892 296914
296975 296982
297144 297335
297369 297385
297396 297408
297425 297572
297603 297742
297807 297814
297924 297937
297983 298108
298113 298114
298131 298151
298254 298320
298399 298511
298513 298633
298672 298863
299059 299097
299111 299261
299545 299629
299676 299889
299989 299997
300005 300084
300095 300164
300178 300190
300237 300249
300412 300473
300516 300551
300757 300868
301053 301087
301323 301370
301507 301584
301734 301909
301952 301955
302168 302359
302369 302482
302531 302612
302637 302638
302679 302812
302920 303145
303212 303460
303696 303933
303962 303993
304173 304284
304354 304373
304394 304554
304920 304935
305126 305196
305210 305225
305288 305298
305455 305512
305666 305846
305928 306068
306081 306227
306325 306418
306461 306602
306625 306654
306682 306783
306945 307070
307075 307150
307166 307675
307723 307757
307788 307817
307828 307951
308087 308196
308513 308797
308819 308852
309004 309030
309124 309176
309216 309503
309540 309633
309728 309823
309966 310022
310174 310234
310299 310440
310549 310562
310640 310796
310901 310921
311163 311171
311248 311290
311470 311471
311719 311827
312210 312496
312503 312710
312884 312922
312990 313011
313071 313355
313474 313508
313634 313739
313848 313902
314000 314001
314010 314302
314542 314770
314972 315005
315242 315289
315488 315529
315687 315894
315923 315986
316109 316134
316244 316328
316395 316452
316540 316591
316622 316631
316647 316745
316766 316970
317012 317079
317086 317464
317470 317495
317670 317749
317803 317820
317847 317920
318053 318094
318101 318110
318130 318219
318297 318357
318376 318402
318615 318712
318818 318898
319741 319778
319835 319856
319961 319998
320038 320045
320111 320125
320137 320234
320277 320280
320296 320301
320483 320539
320553 320573
320576 320629
320631 320721
320800 320834
321133 321141
321152 321170
321173 321232
321262 321391
321479 321785
321788 321924
322058 322072
322105 322175
322177 322371
322484 322492
322970 323014
323028 323090
323095 323230
323242 323346
323509 323510
323635 323639
323676 323715
323721 323735
323821 323830
323998 324013
324023 324100
324128 324136
324213 324256
324434 324445
324560 324586
324724 324881
325154 325356
325442 325558
325565 325714
325830 325839
325860 325912
325926 325943
326046 326091
326099 326108
326137 326157
326177 326431
326507 326600
326614 326650
327018 327035
327115 327131
327168 327241
327428 327501
327545 327557
327889 327896
327923 328396
328464 328492
328534 328535
328592 328757
328788 328918
328929 329024
329066 329160
329197 329351
329387 329457
329461 329681
329779 329801
329869 329908
330223 330237
330272 330453
330543 330601
330644 330939
330964 330992
331116 331187
331272 331279
331280 331284
331330 331393
331474 331541
331597 331729
331804 331824
331897 331916
331968 331977
332021 332072
332085 332148
332484 332486
332540 332557
332681 332695
332770 332933
333013 333028
333051 333149
333221 333265
333279 333352
333374 333594
333643 333740
333875 333943
333983 334000
334080 334103
334119 334213
334316 334320
334408 334590
334614 334823
334852 335020
335100 335233
335320 335361
335420 335459
335577 335598
335683 335698
335950 335977
335988 336108
336169 336230
336292 336354
336410 336564
336589 336655
336671 336715
336745 336790
336842 336935
336941 337066
337345 337353
337623 337632
337645 337755
337795 337868
338338 338394
338430 338472
338507 338581
338651 338683
338689 338748
338985 339036
339055 339108
339205 339220
339254 339331
339485 339675
339746 339908
340060 340350
340647 340685
340800 340998
341073 341198
341218 341327
341351 341383
341419 341922
342069 342106
342147 342211
342260 342346
342557 342880
343110 343148
343386 343410
343463 343471
343481 343510
343548 343580
343746 343778
343845 343922
343929 344047
344094 344359
344370 344397
344484 344564
344722 344988
345068 345078
345287 345451
345679 345692
345789 345805
345811 345840
345870 345910
345914 346104
346163 346261
346384 346444
346509 346551
346605 346639
346657 346806
346852 346889
346898 346985
347073 347207
347260 347349
347594 347674
347720 347886
347970 347992
348000 348022
348036 348208
348348 348349
348374 348403
348482 348671
348774 348813
348997 349069
349097 349109
349167 349249
349289 349450
349509 349558
349787 349959
350033 350049
350084 350143
350204 350212
350228 350232
350282 350312
350365 350489
350540 350603
350626 350641
350729 350786
350798 350926
351056 351131
351445 351533
351679 351862
351981 351996
352407 352477
352593 352820
352834 352886
352965 353014
353069 353105
353153 353166
353254 353302
353579 353608
353682 353694
353709 353721
353722 353873
353883 353915
353965 354072
354170 354315
354402 354427
354428 354513
354555 354594
354806 354828
354881 354957
355255 355258
355424 355461
355467 355619
355620 355698
355717 355735
355736 355847
355852 355888
355999 356018
356063 356110
356162 356187
356283 356532
356649 356653
356676 356704
357137 357427
357502 357544
357719 357739
357744 357755
357828 357829
357961 358034
358133 358201
358253 358271
358383 358490
358554 358612
358681 358779
358886 358908
358926 358930
358933 358987
359020 359072
359103 359119
359128 359174
359239 359362
359446 359673
359721 359834
360061 360160
360242 360252
360340 360342
360374 360427
360562 360623
360701 360720
360830 360848
360942 361108
361130 361188
361193 361206
361274 361307
361338 361359
361397 361429
361479 361550
361574 361585
361600 361637
361692 361781
361848 361895
362015 362064
362126 362157
362380 362396
362418 362510
362574 362743
362779 362802
362822 362872
362876 362904
363159 363185
363287 363352
363452 363489
363536 363570
363664 363715
364034 364046
364091 364139
364272 364418
364440 364443
364459 364473
364481 364586
364594 364597
364628 364743
364754 364835
364889 364967
365037 365067
365162 365483
365545 365586
365636 365812
365966 365992
366016 366055
366334 366445
366446 366488
366522 366570
366761 367160
367236 367316
367765 367801
367958 368017
368085 368224
368319 368617
368882 368986
369180 369329
369365 369388
369443 369462
369556 369581
369591 369593
369670 369799
369801 369836
369846 369987
370157 370189
370354 370463
370808 371091
371140 371230
371274 371318
371408 371472
371490 371523
371543 371610
371615 371734
371788 371813
371836 371968
372042 372045
372064 372106
372135 372242
372261 372327
372503 372658
372681 372711
372809 372891
372987 373025
373062 373173
373300 373333
373342 373397
373411 373456
373466 373623
373817 373848
373951 374170
374187 374221
374228 374339
374600 374643
374789 374950
375003 375112
375394 375600
375629 375807
375900 376192
376277 376283
376587 376739
376856 376902
376991 377072
377100 377104
377170 377281
377476 377523
377538 377893
377904 377923
377931 378031
378059 378091
378102 378168
378267 378370
378392 378447
378484 378737
379040 379053
379210 379250
379411 379433
379467 379648
379724 379792
380027 380062
380065 380097
380129 380267
380406 380460
380471 380490
380573 380610
380717 380875
380892 380900
380902 380923
380932 381063
381080 381395
381483 381561
381682 381953
381965 382107
382141 382193
382439 382512
382681 382693
382695 382717
382744 382809
383058 383266
383341 383802
384035 384067
384073 384131
384167 384194
384310 384359
384372 384659
384678 384684
384689 384875
385018 385125
385297 385466
385497 385801
385828 385870
385923 386035
386241 386316
386393 386556
386612 386629
386687 386756
386776 386933
386938 387157
387226 387259
387471 387507
387510 387579
387612 387879
388026 388067
388185 388191
388336 388533
388631 388647
388737 388884
389339 389497
389619 389667
389706 389738
389792 389800
389831 389842
389851 390034
390058 390105
390239 390274
390333 390651
390656 390768
390884 390995
391099 391179
391339 391392
391474 391715
391741 391810
392015 392120
392180 392191
392257 392446
392459 392533
392552 392579
392670 392827
392828 392898
392911 392993
393110 393304
393373 393506
393706 393733
393858 394426
394661 394794
394819 394849
394850 394857
394939 395158
395350 395375
395459 395509
395583 395683
395719 395724
395731 395741
395780 395823
395917 395924
396036 396073
396094 396169
396511 396553
396646 396682
396693 396828
396898 397020
397043 397118
397326 397466
397479 397513
397650 397760
397768 397769
397889 397924
397952 398112
398167 398238
398240 398247
398357 398453
398486 398588
398649 398776
398787 398934
398959 399342
399360 399393
399458 399491
399560 399681
399738 399753
399915 400010
400039 400136
400140 400197
400284 400328
400443 400515
400609 400723
400867 400985
401048 401392
401490 401575
401684 401720
401784 401794
401930 402174
402277 402380
402392 402466
402471 402496
402499 402570
402737 402862
402960 402965
403159 403241
403326 403417
403443 403543
403611 403669
403723 403751
403788 403810
403817 403946
403978 404017
404141 404162
404208 404472
404482 404519
404733 404811
404878 405015
405029 405137
405196 405208
405251 405274
405329 405460
405486 405659
405666 405687
405700 405716
405744 405747
405821 405888
406158 406675
406871 407050
407150 407224
407486 407563
407615 407760
407884 407889
408163 408231
408234 408290
408349 408451
408637 408729
408908 409176
409178 409290
409317 409395
409398 409440
409632 409646
409747 409758
409779 409780
409831 409956
410109 410182
410195 410284
410461 410547
410671 410682
410815 411011
411073 411166
411246 411271
411279 411408
411425 411474
411526 411577
411580 411648
411747 411767
411772 411819
411822 411860
411935 412014
412214 412332
412384 412459
412518 412554
412603 412627
412719 412758
412769 413062
413246 413322
413348 413349
413413 413436
413533 413690
413878 413948
414030 414062
414108 414302
414388 414433
414651 414673
414710 414841
414846 414895
415162 415174
415268 415304
415320 415574
415575 415723
415842 415862
415956 416137
416240 416385
416391 416632
416688 416695
416855 416866
416906 416923
417235 417250
417265 417299
417572 417614
417871 417905
418021 418082
418124 418280
418341 418433
418547 418552
418562 418588
418683 418897
418927 418954
419097 419171
419225 419358
419422 419448
419482 419600
419651 419755
419791 419853
420040 420141
420210 420279
420375 420402
420475 420711
420773 420796
420828 420933
420957 421027
421072 421139
421187 421190
421244 421262
421338 421373
421425 421521
421525 421612
421684 421889
421916 421922
421942 421951
422167 422211
422227 422254
422461 422574
422629 422697
422817 422901
423282 423285
423327 423671
423913 424090
424163 424308
424330 424584
424645 424788
424796 424855
424966 424976
425053 425084
425120 425124
425189 425244
425246 425355
425387 425466
425472 425515
425519 425524
425529 425546
425670 425761
426224 426325
426335 426399
426429 426523
426630 426656
426807 426844
426956 427239
427255 427302
427329 427375
427392 427433
427524 427544
427599 427811
427873 427886
427905 428065
428096 428169
428241 428242
428408 428496
428546 428609
429032 429036
429041 429118
429201 429449
429464 429498
429501 429556
429732 430037
430206 430256
430303 430354
430472 430553
430580 430598
430732 430793
430912 430965
431185 431213
431231 431336
431369 431384
431387 431494
431787 431802
431822 431828
432097 432163
432240 432296
432353 432602
432620 432687
432780 432822
432835 433029
433071 433108
433135 433191
433235 433314
433438 433548
433645 433649
433682 433780
433790 433948
433972 434018
434057 434145
434339 434371
434381 434395
434400 434449
434574 434624
434668 434700
434706 434744
434775 434961
435196 435516
435574 435578
435680 435719
435754 435765
436142 436360
436450 436752
437002 437204
437404 437425
437585 437643
437736 438039
438093 438208
438267 438293
438318 438321
438517 438555
438591 438624
438648 438785
438805 438849
439161 439199
439377 439413
439432 439435
439556 439614
439694 439885
439970 439978
440097 440146
440177 440249
440275 440278
440298 440363
440395 440426
440482 440487
440495 440643
440839 440863
440981 441127
441332 441390
441491 441520
441547 441582
441739 441886
441976 442002
442005 442038
442074 442135
442138 442415
442435 442474
442484 442601
442705 442717
442966 443226
443301 443356
443493 443557
443626 443666
443740 443757
443777 443788
443820 443837
443910 443966
443978 443999
444014 444304
444321 444343
444356 444415
444556 444606
444728 444753
444881 445039
445110 445118
445158 445329
445506 445564
445596 445615
445833 445920
446010 446035
446058 446125
446514 446518
446530 446593
446665 446777
446807 446842
446876 446889
446965 446973
446988 447152
447321 447457
447484 447705
447732 447800
447831 448050
448074 448272
448546 448617
448669 448683
448765 448878
449083 449175
449286 449317
449385 449476
449732 449803
449829 449862
450050 450114
450127 450280
450380 450454
450544 450613
450662 450814
450916 450970
450974 451005
451070 451172
451264 451687
451836 451856
452178 452372
452398 452452
452484 452516
452581 452735
452827 452838
452842 452849
452865 452941
453065 453175
453218 453341
453399 453557
453581 453626
453701 453765
453892 453991
454082 454251
454277 454316
454329 454369
454526 454687
454690 454734
454887 454931
454949 454993
455020 455052
455180 455198
455204 455215
455257 455320
455383 455538
455540 455612
455640 455673
455753 455764
455785 455815
455817 455834
455999 456098
456179 456247
456309 456332
456395 456455
456656 456681
456752 456800
456849 456935
456990 457163
457201 457331
457375 457387
457496 457645
458007 458095
458161 458177
458422 458512
458810 458846
458956 459046
459174 459386
459392 459434
459494 459586
459626 459644
459742 459783
459787 460053
460074 460206
460485 460592
460632 460761
460769 460801
460897 461031
461122 461163
461215 461262
461305 461353
461361 461583
461635 461636
461900 461917
461948 462061
462095 462172
462266 462373
462430 462657
462753 463004
463161 463273
463302 463336
463369 463435
463510 463513
463522 463550
463710 463743
463793 463960
464002 464059
464151 464660
464824 464945
464961 464984
465002 465011
465079 465212
465294 465301
465359 465467
465478 465486
465620 465677
465769 465774
465804 465812
465877 465947
465948 465950
466420 466497
466502 466759
466825 466987
467106 467229
467239 467291
467292 467329
467371 467520
467540 467552
467957 468134
468167 468197
468253 468291
468499 468724
468758 468880
468921 468950
469134 469136
469243 469617
469686 469738
469787 469864
469951 470046
470049 470192
470360 470384
470396 470473
470501 470563
470651 470751
470773 470774
470835 470837
470881 470897
471016 471123
471133 471147
471148 471231
471338 471351
471512 471536
471606 471608
471674 471704
471722 471746
471774 471857
471866 471935
471976 472143
472349 472387
472558 472633
472659 472669
472725 472880
473007 473117
473140 473389
473416 473464
473528 473585
473712 473737
473817 474153
474223 474405
474599 474776
474916 475065
475078 475115
475301 475313
475320 475384
475413 475481
475547 475601
475686 475951
475974 476021
476100 476253
476368 476498
476532 476580
476596 476597
476983 477021
477031 477124
477176 477204
477281 477336
477448 477507
477572 477736
477766 477820
477854 477870
477952 478115
478196 478211
478218 478309
478317 478491
478522 478526
478800 478809
478852 479024
479303 479341
479365 479421
479561 479590
479599 479695
479768 479815
479846 479915
480076 480132
480157 480372
480518 480792
480911 480914
481035 481140
481194 481216
481299 481352
481361 481503
481559 481560
481627 481680
481718 481725
481734 481826
481849 481859
482115 482203
482285 482297
482306 482327
482393 482495
482683 482817
483009 483035
483057 483126
483158 483187
483231 483243
483276 483280
483291 483402
483518 483566
483642 483692
483707 483718
483737 483760
483892 483918
483950 484001
484047 484365
484534 484720
484963 485277
485474 485499
485512 485545
485689 485827
485873 485923
485993 486200
486311 486374
486401 486639
486683 486714
486715 486730
486798 486876
486890 486943
486985 487040
487205 487222
487473 487851
487937 487954
488072 488088
488101 488114
488255 488507
488656 488750
488775 488834
488946 488963
489010 489102
489115 489254
489308 489370
489585 489598
489609 489634
489868 489938
489950 489963
490030 490162
490210 490259
490279 490298
490312 490347
490536 490566
490617 490628
490734 490929
490960 490999
491015 491107
491125 491229
491336 491418
491539 491541
491559 491711
491732 491798
491871 491874
491892 492009
492025 492240
492263 492269
492358 492434
492459 492475
492496 492528
492649 493052
493084 493183
493192 493206
493224 493233
493298 493406
493437 493487
493638 493680
493714 493821
493840 493882
493888 493891
493958 493990
494005 494105
494176 494429
494495 494506
494563 494588
494668 494686
494689 494728
494972 494980
495013 495033
495035 495245
495329 495349
495473 495502
495514 495608
495779 495819
495976 495991
496059 496201
496221 496367
496386 496427
496581 496597
496850 496860
497185 497320
497331 497390
497920 497929
497973 497978
498095 498152
498279 498327
498348 498349
498355 498426
498512 498539
498562 498792
498808 498814
498996 499046
499085 499237
499429 499462
499541 499658
499723 499729
499894 500003
500035 500184
500279 500288
500308 500643
500778 500794
500840 500876
500933 500941
501085 501103
501147 501288
501309 501334
501570 501572
501685 501744
501883 501925
502015 502117
502140 502313
502345 502359
502680 502697
502876 502921
503069 503079
503341 503391
503446 503491
503611 503623
503787 503798
503976 504035
504144 504169
504214 504289
504447 504501
504520 504540
504780 504789
504808 504828
504835 504861
504986 505161
505232 505326
505376 505561
505593 505608
505760 505786
505895 505972
506006 506040
506104 506240
506268 506331
506332 506455
506684 506685
506787 506945
506991 507050
507128 507138
507179 507194
507218 507266
507317 507363
507370 507418
507474 507618
507664 507672
507703 507921
508002 508102
508193 508215
508592 508757
508797 508834
508851 508858
508906 508917
508936 508941
508998 509059
509062 509108
509120 509185
509213 509230
509251 509252
509429 509482
509502 509538
509577 509815
509995 510004
510028 510151
510319 510384
510611 510680
510738 510840
510906 510911
510979 510995
511063 511158
511165 511217
511232 511545
511577 511636
511690 511710
511719 511897
511920 511979
512269 512378
512516 512668
512691 512799
512877 512970
513015 513104
513224 513378
513469 513698
513755 513780
513803 513899
514004 514057
514071 514079
514247 514302
514483 514553
514662 514664
514895 515071
515174 515179
515383 515415
515490 515493
515531 515737
515826 515958
515991 516011
516151 516157
516318 516448
516572 516651
516661 516662
516709 517083
517107 517155
517173 517192
517206 517232
517278 517318
517373 517422
517471 517498
517760 517773
517859 517914
517949 518060
518075 518152
518279 518306
518364 518413
518428 518777
518837 519018
519054 519095
519162 519319
519321 519428
519540 519627
520008 520075
520081 520185
520213 520335
520336 520371
520492 520590
520605 520634
520647 520688
520759 520822
520985 521075
521099 521605
521761 521805
521819 521826
521854 521923
521975 522120
522169 522172
522269 522341
522472 522680
522805 522833
522841 522872
522930 522985
523120 523234
523343 523403
523464 523482
523549 523558
523996 524058
524121 524183
524246 524262
524265 524473
524505 524627
524708 524834
524876 524891
524908 525134
525150 525327
525352 525381
525449 525634
525910 525917
525925 526002
526038 526046
526263 526266
526318 526389
526408 526464
526602 526726
526736 526757
526829 527146
527166 527422
527451 527545
527601 527628
527736 527818
527820 527893
527953 527987
528009 528184
528259 528345
528535 528586
528715 528746
528762 528821
529054 529092
529148 529214
529226 529267
529381 529536
529597 529675
529679 529704
529822 529863
529871 529883
529939 529989
530054 530133
530141 530224
530333 530345
530361 530484
530560 530617
530692 530744
530754 530832
531112 531114
531208 531252
531377 531573
531577 531664
531688 531698
531736 531876
531921 531922
531931 531956
532045 532168
532260 532360
532418 532454
532572 532695
532791 532874
533261 533340
533450 533526
533701 534149
534386 534471
534654 534736
534809 534850
534866 534876
535047 535110
535149 535214
535542 535609
535638 535674
535687 535785
535835 535861
535920 536018
536157 536192
536279 536396
536543 536658
536767 536858
536913 536971
537169 537330
537353 537457
537600 537636
537731 537736
537880 537988
538002 538027
538142 538223
538301 538357
538385 538688
538862 538866
539047 539072
539155 539156
539255 539260
539582 539625
539692 539937
539982 540093
540222 540434
540447 540594
540610 540708
540781 541035
541121 541333
541401 541463
541484 541544
541604 541667
541912 541936
541946 541990
542039 542046
542163 542275
542295 542390
542408 542436
542499 542683
542722 542779
542786 542864
542887 542946
543174 543200
543245 543280
543358 543405
543424 543482
543610 543711
543794 543895
543955 543975
544381 544532
544553 544586
544587 544716
544769 544815
544941 545131
545208 545231
545289 545441
545553 545704
545715 545755
545911 546091
546192 546193
546362 546368
546374 546456
546466 546658
546669 546986
547122 547185
547323 547340
547415 547452
547684 547708
547835 547893
547909 547973
547979 548351
548369 548623
548810 549079
549318 549326
549409 549429
549589 549616
549693 549700
549822 549872
549949 549976
550026 550093
550104 550224
550312 550324
550712 550883
550937 551082
551185 551351
551459 551499
551517 551594
551719 551838
552020 552204
552222 552240
552271 552337
552776 552806
552836 552913
552960 553042
553108 553118
553134 553263
553295 553334
553355 553370
553378 553403
553673 553681
553744 553977
554002 554004
554057 554074
554100 554140
554416 554763
554806 554845
554957 554972
555163 555191
555259 555339
555368 555396
555568 555582
556011 556168
556251 556339
556378 556531
556573 556901
556961 556993
557291 557308
557310 557414
557457 557656
557662 557997
558028 558061
558150 558156
558266 558376
558464 558547
558621 558694
558816 558913
559019 559078
559144 559254
559262 559346
559379 559542
559631 559685
559697 559721
559915 560006
560081 560089
560090 560133
560187 560198
560233 560261
560286 560288
560379 560390
560675 560780
560961 561017
561019 561032
561092 561129
561262 561375
561377 561417
561621 561646
561814 561820
561989 562052
562284 562350
562468 562484
562522 562555
562629 562642
562740 562811
562828 562959
563039 563105
563134 563153
563168 563327
563391 563418
563460 563478
563597 563599
563707 563712
563766 563797
563860 563991
564025 564065
564201 564351
564523 564590
565040 565251
565254 565308
565429 565547
565586 565655
565794 565832
565850 566078
566090 566405
566622 566649
566816 566829
566901 567192
567441 567783
567848 567866
567893 567987
568214 568232
568338 568384
568508 568521
568552 568587
568650 568687
568699 568915
568926 569006
569027 569105
569345 569377
569675 569751
569866 569972
570074 570164
570352 570420
570617 570621
570665 570877
570979 571376
571465 571499
571590 571720
571898 571914
571917 571957
572062 572280
572302 572441
572449 572771
572900 572954
572971 573032
573178 573189
573204 573209
573330 573389
573407 573410
573431 573568
573629 573748
573851 573945
573947 573967
573994 574135
574382 574513
574571 574644
574749 574788
574940 574944
575051 575195
575198 575248
575345 575346
575543 575551
575665 575728
576053 576074
576172 576231
576254 576269
576300 576338
576516 576655
576746 576834
576851 577015
577062 577066
577085 577140
577254 577433
577542 577574
578109 578154
578195 578235
578350 578353
578438 578670
578678 578679
578687 578721
578914 578967
579099 579208
579236 579259
579326 579502
579534 579562
579666 579693
580000 580001
580151 580233
580403 580842
580865 580928
580930 580942
581088 581240
581292 581784
581912 582031
582034 582035
582045 582070
582172 582242
582258 582260
582266 582363
582524 582618
582690 582700
582726 583006
583036 583069
583083 583120
583151 583309
583370 583409
583663 583770
583810 584090
584139 584148
584182 584337
584354 584393
584405 584452
584476 584480
584633 584650
584656 584716
584955 584962
585092 585144
585160 585237
585365 585401
585416 585710
585818 586098
586221 586372
586433 586456
586592 586665
586700 586726
586812 586930
586964 586983
587052 587137
587166 587326
587613 587731
587886 588035
588109 588157
588370 588406
588427 588512
588556 588747
588780 588797
588844 588935
589000 589007
589032 589184
589257 589313
589371 589483
589532 589536
589601 589671
590047 590127
590234 590273
590353 590427
590583 590613
590685 590687
590705 590939
590952 591092
591162 591191
591217 591293
591347 591478
591578 591687
591725 591801
591881 591968
592005 592024
592365 592578
592856 592867
593002 593147
593466 593476
593530 593882
593933 594114
594246 594299
594417 594738
594782 594851
594876 594880
594914 594968
594977 595077
595100 595120
595248 595313
595409 595411
595445 595553
595651 595697
595739 595914
595935 596144
596509 596608
596799 596972
597183 597378
597420 597455
597538 597668
597807 597884
597939 597987
598009 598017
598174 598221
598358 598371
598417 598452
598488 598494
598561 598579
598634 598695
598697 598928
599339 599639
599791 599821
599826 599866
599938 599989
600089 600111
600291 600321
600506 600520
600541 600547
600549 600636
600650 600705
600822 600851
600909 601025
601131 601479
601507 601759
601760 601790
602149 602182
602195 602218
602372 602467
602499 602622
602689 602702
602768 602866
602897 603017
603121 603256
603262 603364
603373 603663
603718 603737
603803 603836
604069 604126
604281 604284
604328 604353
604455 604535
604601 604658
604669 604686
604754 604780
604792 604890
604891 604957
605165 605230
605404 605429
605456 605532
605637 605810
606088 606249
606276 606321
606477 606496
606671 606768
606943 606966
607248 607454
607796 607821
607903 608052
608160 608208
608390 608516
608579 608603
608920 608923
609068 609321
609382 609438
609449 609527
609722 609871
610249 610284
610382 610542
610614 610645
610713 610724
610848 611023
611150 611167
611231 611243
611251 611358
611446 611461
611483 611578
611586 611694
611876 612120
612289 612345
612450 612459
613134 613141
613211 613213
613257 613519
613535 613709
613721 613730
613992 614096
614127 614185
614670 614790
614823 614875
614887 615049
615205 615243
615550 615569
615575 615678
615770 615819
615868 615948
616023 616028
616105 616161
616164 616270
616300 616341
616352 616491
616523 616533
616625 616678
616695 616715
616832 617069
617091 617278
617367 617537
617619 617834
617952 618312
618505 618805
618847 618963
619061 619121
619136 619154
619163 619200
619278 619300
619380 619386
619453 619482
619537 619577
619817 619904
619939 620086
620522 620631
620656 620854
620939 621034
621113 621249
621259 621378
621444 621470
621486 621644
621850 622000
622029 622140
622342 622380
622628 623134
623208 623381
623462 623566
623619 623665
623710 623807
623963 624019
624069 624087
624097 624140
624182 624240
624256 624304
624310 624398
624408 624643
624824 624869
624985 625130
625291 625399
625482 625536
625559 625564
625604 625757
625897 625900
625914 625975
626120 626165
626167 626506
626563 626744
626781 627046
627098 627141
627145 627302
627661 627666
627707 627753
627869 627871
627979 627992
628019 628426
628634 628692
628725 628731
628888 629018
629074 629253
629316 629432
629449 629657
629665 629711
629814 629843
630129 630383
630423 630704
630707 630711
630741 630754
630871 630913
630921 630954
631111 631173
631221 631226
631323 631329
631420 631483
631736 631805
631829 631842
631910 631960
631991 632068
632092 632172
632324 632364
632411 632485
632507 632515
632647 632763
632876 632913
633023 633077
633161 633214
633236 633323
633412 633433
633553 633748
633922 633936
634050 634053
634143 634211
634366 634368
634426 634508
634572 634664
634716 634737
634777 634807
634814 634927
634992 635575
635591 635644
635645 635707
635772 635805
636070 636127
636345 636477
636560 636639
636738 636747
636780 636783
636917 637210
637259 637294
637384 637565
637571 637605
637616 637714
637823 637841
637894 638032
638131 638138
638167 638284
638381 638391
638546 638549
638577 638612
638714 638743
638874 638977
638996 639132
639214 639414
639458 639597
639646 639775
639785 639819
640007 640019
640164 640185
640257 640314
640338 640368
640433 640544
640577 640592
640607 640632
640674 640702
640727 640779
640882 641053
641080 641184
641240 641456
641459 641474
641491 641506
641528 641538
641655 641859
641878 642095
642106 642193
642242 642281
642312 642557
642744 642749
643128 643136
643158 643296
643469 643519
643672 643729
643798 643820
643873 643898
643962 644012
644170 644310
644391 644471
644475 644523
644667 644687
644710 644747
644839 644873
644975 645122
645171 645380
645493 645566
645673 645846
645988 646078
646207 646329
646344 646355
646413 646491
646672 646841
646864 646944
647357 647369
647407 647572
647684 647737
647805 647846
647869 648216
648316 648333
648351 648369
648499 648554
648607 648621
648670 648780
648984 649086
649270 649376
649381 649407
649427 649542
649547 649548
649578 649590
649594 649664
649683 649935
649951 650067
650118 650133
650162 650327
650360 650724
650734 650764
650802 650826
651061 651113
651115 651300
651523 651717
651850 651873
652049 652056
652242 652304
652322 652546
652617 652646
652759 652826
652874 653013
653026 653159
653471 653477
653521 654065
654132 654355
654419 654438
654496 654514
654515 654517
654590 654948
654983 655020
655213 655412
655555 655566
655766 655839
655952 655954
656093 656224
656384 656441
656529 656684
656859 656902
657011 657217
657256 657382
657386 657503
657517 657571
657583 657627
657635 657714
657778 657896
657980 658077
658233 658308
658731 658744
658759 658776
658812 658833
658973 659233
659244 659266
659300 659555
659575 659628
659735 659804
659905 660264
660372 660604
660623 660643
660644 660717
660914 660967
661054 661114
661258 661270
661303 661462
661637 662165
662189 662245
662421 662482
662525 662583
662631 662735
662799 662813
663053 663105
663148 663229
663240 663327
663347 663378
663410 663698
663744 663859
664022 664051
664204 664251
664296 664350
664395 664456
664498 664536
664642 664821
664970 665183
665290 665442
665478 665784
665798 665857
665891 665983
666147 666210
666245 666262
666488 666524
666663 666991
667170 667285
667331 667515
667575 667694
668166 668237
668283 668523
668592 668641
668650 668757
668786 668931
668963 668964
668973 669451
669631 669802
669980 669984
670113 670123
670187 670231
670339 670487
670921 670987
671130 671261
671268 671524
671574 671822
672184 672239
672253 672497
672500 672546
672654 672676
672794 672800
672864 673116
673680 673820
673826 673901
673907 674181
674416 674445
674512 674654
674741 674813
674912 675044
675053 675116
675166 675185
675193 675216
675253 675310
675317 675367
675417 675461
675534 675539
675545 675611
675623 675657
675747 675835
675884 675886
675891 675938
676001 676037
676111 676125
676182 676191
676209 676309
676516 676549
676672 676769
676781 676983
677200 677281
677352 677397
677553 677630
677670 677724
677734 677753
677768 677956
677990 678170
678313 678325
678429 678449
678482 678752
678776 678800
678865 678931
678944 679025
679175 679182
679401 679435
679445 679731
679749 679827
679831 679897
679938 679943
679979 680095
680171 680215
680221 680301
680385 680476
680496 680558
680751 680757
680951 681098
681113 681131
681196 681327
681344 681368
681396 681548
681559 681576
681736 681767
681779 681841
681944 681950
681971 681989
682046 682420
682515 682669
682777 682805
683146 683192
683298 683316
683367 683455
683483 683592
683594 683623
683780 683868
683874 683946
684016 684054
684234 684267
684289 684445
684468 684502
684592 684626
684655 684735
684882 684929
684954 685016
685193 685214
685279 685373
685418 685787
685815 685829
685848 685895
685940 686041
686118 686270
686271 686404
686432 686475
686627 686642
686833 686862
686910 687012
687026 687058
687112 687130
687143 687204
687209 687425
687480 687488
687508 687542
687678 688155
688234 688296
688454 688615
688762 688855
688950 689036
689046 689053
689251 689272
689331 689380
689390 689417
689457 689463
689630 689698
689724 689809
690045 690130
690352 690634
690722 690763
690780 690813
690871 690893
691172 691212
691451 691461
691690 691893
691962 692056
692192 692274
692411 692515
692603 692657
692742 692827
692880 692986
693059 693392
693428 693601
693752 693792
693833 693910
693952 693983
694010 694016
694117 694167
694339 694545
694567 694825
694925 695053
695068 695107
695325 695578
695623 695812
695984 695986
696049 696114
696512 696867
696901 697120
697197 697329
697370 697415
697472 697501
697617 697711
697858 697863
698058 698197
698312 698364
698379 698386
698389 698473
698576 698715
698755 698796
698797 698919
698932 699216
699261 699277
699445 699491
699676 699787
699885 699928
700206 700228
700381 700421
700438 700646
700879 700994
701076 701086
701279 701298
701327 701360
701393 701481
701578 701691
701731 701768
701771 701816
701822 701946
701949 701962
702085 702095
702353 702368
702426 702511
702659 702672
702711 702742
702985 703130
703297 703321
703397 703408
703414 703514
703537 703702
703704 703753
704030 704342
704373 704393
704495 704732
704765 704898
704909 704971
705101 705250
705308 705344
705365 705431
705501 705532
705533 705535
705662 705774
705788 705818
705879 706065
706130 706351
706558 706595
706623 706680
706948 707063
707092 707303
707514 707561
707619 707638
707739 707809
707925 708014
708067 708134
708146 708153
708180 708216
708258 708359
708467 708772
708834 708922
709052 709101
709170 709182
709233 709293
709438 709551
709600 709632
709644 709781
709816 709891
709940 709959
709965 710010
710098 710191
710212 710221
710262 710366
710442 710548
710694 710701
710761 710837
711053 711139
711140 711321
711458 711553
711586 711616
711646 711656
711691 711737
711798 711894
712008 712009
712389 712530
712551 712611
712761 712780
712964 712971
713195 713264
713283 713308
713501 713564
713575 713579
713611 713677
713801 713807
713817 713895
714226 714304
714466 714513
714520 714683
714811 714849
714901 714991
715167 715223
715265 715271
715513 715523
715635 715773
715781 715884
715888 715965
716021 716032
716060 716068
716094 716177
716217 716330
716338 716490
716676 716843
717100 717346
717431 717449
717465 717478
717622 717676
717770 717813
717833 718095
718286 718549
718694 718704
718784 718898
719022 719071
719138 719150
719179 719216
719322 719341
719371 719614
719654 719686
719724 719885
720048 720107
720193 720254
720282 720310
720318 720377
720470 720558
720586 720597
720617 720637
720640 720673
720723 720772
720818 720987
721171 721214
721288 721369
721492 721533
721640 721751
722096 722170
722225 722227
722566 722656
722784 722804
722812 722814
722915 723064
723074 723095
723147 723168
723172 723237
723281 723286
723485 723507
723577 723706
723708 723820
723824 723858
723870 723886
723939 723950
723993 724192
724282 724322
724477 724520
724599 724718
724841 724878
725060 725221
725254 725284
725322 725583
725921 725949
725989 726000
726013 726033
726361 726510
726596 726714
726746 726782
726809 726836
726854 726904
726920 727185
727225 727263
727483 727618
727689 727894
727906 727949
728019 728132
728143 728209
728225 728341
728373 728633
728678 728843
729111 729171
729462 729511
729541 729682
729769 729863
729895 729962
729986 730012
730013 730142
730266 730461
730591 730668
730706 730961
730963 730974
731026 731037
731050 731129
731187 731208
731561 731655
731693 731766
731889 731931
731956 731959
731973 731995
732071 732096
732120 732161
732355 732435
732648 732828
732974 732982
733063 733185
733347 733366
733508 733652
733662 733674
733683 733813
733863 733873
733988 733994
734008 734205
734247 734327
734408 734447
734470 734558
734577 734605
734710 734728
734811 734950
735061 735083
735115 735204
735220 735273
735304 735331
735344 735424
735660 735712
735783 735937
735943 736159
736198 736399
736496 736612
736796 736805
736902 736988
737123 737294
737330 737365
737414 737490
737583 737688
737701 737784
737791 737807
737842 737905
737940 738035
738058 738100
738202 738265
738279 738312
738439 738467
738470 738629
738767 738839
739210 739242
739325 739339
739359 739505
739624 739660
739719 739793
739936 740197
740237 740282
740301 740356
740365 740398
740493 740779
741021 741220
741253 741392
741543 741801
741842 742157
742214 742227
742232 742277
742293 742322
742450 742581
742596 742599
742609 742628
742679 742680
742770 742774
742861 742936
742964 743096
743104 743123
743137 743253
743321 743365
743431 743451
743496 743549
743689 743818
743826 743876
743884 744015
744022 744155
744209 744215
744248 744303
744342 744362
744410 744484
744493 744710
744845 744877
744894 744902
744948 745068
745094 745277
745291 745305
745312 745386
745443 745522
745550 745638
745657 745762
745776 745799
745936 746091
746102 746236
746263 746300
746301 746318
746365 746505
746517 746567
746572 746574
746774 746799
746880 746889
746911 746938
747042 747054
747071 747080
747152 747246
747341 747347
747349 747439
747471 747496
747513 747618
747698 747755
747868 747889
747958 748084
748155 748208
748217 748366
748584 748614
748615 748625
748626 748679
748746 748778
748780 748833
748853 748945
748967 749203
749324 749365
749562 749586
749693 749719
749733 749972
750013 750125
750225 750308
750332 750609
750708 750725
751004 751020
751025 751234
751246 751398
751459 751461
751666 751691
751707 751765
751801 751811
751895 751913
752078 752121
752165 752169
752270 752272
752327 752371
752399 752414
752423 752524
752547 752643
752662 752748
752957 752979
753138 753152
753157 753159
753340 753410
753471 753668
753681 753718
753797 753809
753911 754063
754094 754113
754121 754286
754387 754585
754587 754613
754703 754780
754923 754979
755291 755345
755448 755495
755648 755825
755997 756096
756230 756337
756537 756543
756654 756748
756865 756938
757303 757490
757522 757708
757713 757714
757780 757791
757806 757831
757849 757864
757952 758333
758363 758511
759038 759286
759291 759387
759444 759482
759520 759595
759678 759716
759892 759905
759908 760017
760136 760159
760330 760379
760453 760465
760603 760706
760741 760782
760925 761112
761199 761268
761286 761313
761324 761489
761503 761618
761999 762266
762342 762359
762464 762603
762655 762717
762895 762936
763046 763049
763299 763351
763357 763377
763400 763445
763605 763670
763671 763751
763838 763909
763934 764019
764054 764086
764132 764241
764314 764400
764453 764607
764608 764706
764720 764722
764738 764774
764799 764812
764820 764850
764915 764932
765211 765263
765360 765395
765397 765543
765732 765748
765765 765776
765824 765850
765903 765964
766005 766157
766274 766552
766577 766585
766630 766829
766885 766954
767125 767148
767394 767427
767525 767774
768065 768069
768134 768189
768285 768328
768359 768404
768415 768470
768633 768778
768831 768833
769032 769037
769173 769207
769273 769393
769397 769537
769571 769641
769724 769860
770006 770083
770372 770393
770490 770623
770647 770759
770773 771064
771072 771168
771203 771223
771277 771422
771444 771532
771626 771684
771719 771827
772262 772337
772458 772467
772547 772562
772701 772708
772712 772720
772782 773039
773083 773105
773218 773236
773312 773351
773442 773496
773518 773602
773701 773767
773832 773947
774323 774328
774406 774446
774485 774764
774812 774888
774962 775085
775242 775277
775414 775616
775681 775736
776041 776232
776280 776289
776379 776480
776516 776521
776627 776836
777006 777037
777041 777333
777424 777428
777591 777756
777800 777933
777972 778031
778125 778136
778179 778185
778190 778193
778324 778348
778392 778412
778419 778437
778451 778786
778875 778966
778971 778989
779112 779203
779317 779331
779445 779497
779675 779727
779761 779836
780135 780237
780246 780432
780435 780452
780460 780491
780588 780596
780610 780835
780871 780884
780909 780996
781146 781341
781528 781561
781571 781598
781688 781730
781797 781853
781868 781880
782281 782283
782378 782545
782586 782609
782703 782789
782851 782884
782926 782959
783030 783154
783216 783771
783867 783919
784127 784242
784293 784326
784402 784408
784472 784488
784517 784865
784893 784966
784969 785026
785054 785082
785122 785155
785183 785186
785553 785591
785790 786076
786097 786237
786388 786702
786714 786736
786764 786867
786883 786928
787073 787127
787217 787333
787451 787573
787753 787776
787787 787815
787949 787995
788000 788005
788107 788124
788165 788289
788335 788365
788439 788488
788541 788575
788652 788765
788934 788939
788949 789014
789283 789291
789343 789345
789783 789808
789832 789903
790040 790043
790130 790248
790677 790682
790856 790936
791261 791305
791326 791331
791655 791710
791774 791930
792037 792159
792271 792380
792512 792641
792792 793056
793186 793219
793225 793352
793389 793465
793622 793633
794154 794160
794185 794240
794346 794389
794444 794480
794554 794611
794852 794919
794930 795035
795162 795287
795338 795350
795376 795438
795481 795572
795784 795866
795890 795904
795909 795950
795971 796048
796165 796236
796382 796385
796420 796446
796510 796540
796630 796662
796705 796720
796730 796878
796887 796971
797097 797210
797232 797348
797409 797671
797674 797736
797780 797985
798006 798034
798056 798203
798225 798266
798287 798411
798574 798585
798638 798713
798717 799000
799017 799084
799125 799178
799248 799297
799383 799524
799557 799616
799731 799758
799865 800086
800268 800274
800521 801132
801152 801351
801437 801463
801629 801648
801678 802004
802011 802016
802022 802213
802215 802241
802292 802322
802326 802410
802663 802711
802723 802873
802917 802940
803161 803203
803229 803341
803428 803482
803573 803578
803584 803627
803659 803685
803796 803908
803944 803999
804043 804126
804197 804254
804365 804395
804485 804668
804788 804950
805048 805198
805285 805334
805376 805406
805411 805502
805599 805821
805830 805888
806002 806007
806024 806025
806099 806177
806287 806317
806333 806398
806495 806659
806705 806706
806710 806805
806968 807004
807138 807449
807591 807617
807745 807793
807959 807964
808057 808089
808094 808147
808237 808442
808448 808541
808664 808693
808707 808757
808911 808924
809051 809299
809316 809319
809336 809349
809392 809433
809476 809634
809952 809970
810038 810058
810080 810107
810216 810310
810437 810513
810566 810714
810866 810999
811272 811321
811407 811409
811448 811592
811705 811857
811875 811915
811992 812043
812059 812152
812204 812309
812545 812571
812613 812684
812751 812773
812809 812836
812894 812926
813137 813266
813363 813397
813427 813493
813609 813630
813634 813649
813782 813785
813808 813832
813931 814160
814333 814556
814802 814884
814981 815242
815479 815481
815500 815762
815770 815981
816017 816062
816122 816291
816297 816472
816691 816812
816826 816870
816884 816949
816980 817003
817006 817041
817090 817134
817207 817290
817373 817408
817512 817530
817565 817572
817589 817633
817720 817910
817930 818088
818103 818112
818365 818453
818459 818509
818713 818719
818744 818916
818989 819041
819149 819361
819384 819475
819485 819522
819540 819544
819552 819554
819598 819619
819736 819744
820396 820474
820626 820727
820838 820903
821112 821315
821539 821621
821629 821693
821722 821738
821747 821776
822020 822076
822120 822145
822165 822280
822547 822608
822642 822730
822770 822794
822911 822977
823034 823081
823399 823447
823534 823655
823730 823746
823837 824004
824008 824014
824094 824173
824295 824443
824446 824670
824718 824824
824850 825003
825056 825076
825132 825194
825286 825360
825371 825476
825507 825510
825846 825893
825922 826078
826080 826100
826115 826197
826473 826521
826568 826625
826629 826717
826799 826874
826879 827037
827314 827454
827459 827501
827524 827690
827767 827852
827870 827962
828022 828112
828124 828273
828305 828485
828497 828511
828547 828575
828710 828817
829082 829167
829216 829292
829304 829314
829460 829490
829606 829899
829965 830133
830192 830268
830278 830718
830734 830760
830801 830996
830997 831024
831029 831033
831069 831233
831252 831308
831353 831485
831717 831724
831868 831880
832154 832168
832263 832402
832406 832489
832580 832663
832757 833249
833566 833589
833592 833677
833727 833735
833791 833799
834005 834220
834367 834557
834918 834942
834961 835079
835133 835340
835430 835473
835589 835646
835703 835779
835833 835950
836048 836068
836159 836184
836197 836231
836314 836433
836475 836566
836760 837367
837545 837585
837607 837619
837647 837749
837832 837888
837956 838010
838039 838073
838135 838144
838291 838324
838378 838418
838457 838471
838627 838805
838863 838980
838988 839049
839063 839073
839102 839302
839355 839507
839561 839774
839862 839899
839979 840111
840141 840149
840171 840320
840393 840403
840488 840597
840607 840720
840729 840841
840962 840967
840983 840995
841004 841056
841178 841211
841332 841435
841542 841632
841636 841671
841783 841990
842029 842113
842350 842650
842701 842704
842732 842777
842880 842956
843037 843472
843895 843947
844041 844079
844113 844126
844234 844302
844334 844431
844456 844464
844523 844722
844742 844774
844809 844858
844977 845017
845117 845222
845296 845355
845369 845402
845439 845542
845581 845654
845704 845774
845793 845795
845824 845838
845876 845959
845989 846017
846030 846274
846293 846317
846454 846525
846581 846753
846885 846928
847135 847185
847290 847304
847465 847475
847538 847542
847746 847791
847881 847961
847965 847994
847998 848091
848104 848144
848204 848223
848400 848585
848634 848827
848871 849106
849120 849172
849234 849277
849383 849594
849682 849802
850206 850257
850376 850536
850554 850629
850711 850735
850752 850767
850813 850875
850931 851056
851186 851212
851258 851260
851351 851517
851636 851673
851904 852018
852120 852122
852244 852248
852364 852535
852571 852684
852729 852762
853202 853267
853329 853348
853380 853386
853478 853727
854032 854039
854108 854159
854192 854347
854349 854392
854529 854546
854617 854628
854645 854996
855007 855021
855087 855135
855164 855269
855338 855374
855476 855530
855607 855662
855909 855964
855999 856090
856116 856134
856157 856413
856431 856514
856602 856666
856845 856860
856868 856889
856897 856967
857320 857401
857477 857504
857611 857618
857662 857688
857703 857707
857800 857908
857925 858010
858455 858458
858460 858495
858533 858534
858659 858673
858708 859005
859021 859087
859161 859236
859380 859402
859440 859442
859477 859494
859523 859622
859754 859817
859943 859984
860047 860064
860253 860315
860364 860402
860528 860627
860688 860820
860874 861113
861156 861321
861328 861682
861785 861846
861847 861957
862250 862251
862286 862352
862508 862516
862634 863017
863210 863236
863538 863560
863822 864168
864200 864350
864539 864583
864597 864696
864787 864851
864919 864987
865049 865118
865157 865222
865424 865428
865495 865772
865916 865940
865992 866123
866257 866268
866285 866426
866434 866458
866512 866680
866945 866952
866961 866999
867085 867139
867168 867327
867346 867429
867722 867730
867846 867857
868059 868300
868412 868421
868475 868536
868632 868741
868759 868821
868868 868873
869199 869214
869272 869293
869453 869499
869516 869536
869546 869562
869579 869603
869617 869634
869696 870019
870148 870198
870208 870222
870236 870252
870326 870507
870545 870703
870707 870775
870818 871033
871041 871104
871105 871196
871293 871326
871373 871427
871682 871790
872203 872214
872229 872279
872482 872534
872568 872642
872861 872973
873020 873143
873152 873263
873390 873547
873694 873762
873799 873863
873919 873940
874257 874345
874403 874637
874805 874866
875012 875016
875043 875142
875168 875353
875429 875471
875492 875556
875558 875565
875625 875666
875707 875897
875948 876533
876707 876764
876794 876838
876893 876901
877046 877136
877316 877357
877402 877406
877491 877635
877803 878184
878284 878368
878406 878409
878417 878459
878721 878729
878802 878821
878853 878891
878903 878947
879074 879096
879173 879299
879389 879496
879505 879518
879585 879653
879718 879726
879735 879842
879896 879909
879932 879971
879976 880022
880039 880194
880217 880227
880459 880496
880528 880632
880694 880761
880768 880801
880863 880960
881066 881110
881237 881342
881391 881471
881577 881777
881864 881943
881960 881970
882037 882074
882131 882203
882289 882388
882493 882538
882651 882778
882800 883035
883088 883265
883439 883706
883775 883851
883859 883896
883937 883954
884025 884091
884162 884299
884305 884434
884437 884458
884474 884485
884523 884595
884688 884746
884787 884815
884936 884940
885207 885237
885251 885283
885428 885500
885510 885597
885620 885852
885905 885912
885948 885963
886052 886084
886094 886221
886328 886583
886643 887083
887091 887181
887222 887259
887267 887331
887336 887417
887445 887666
887691 887747
887819 887989
888084 888176
888424 888454
888458 888487
888544 888625
888635 888689
888750 888770
888998 889122
889204 889381
889416 889434
889449 889474
889504 889517
889557 889688
889716 889730
889816 889835
889991 890009
890076 890149
890175 890255
890565 890662
890682 890782
890794 890819
891329 891407
891423 891433
891449 891765
891843 891891
891929 892185
892194 892198
892228 892250
892252 892482
892608 892639
892651 892785
893170 893218
893451 893576
893875 893968
894067 894079
894082 894083
894096 894321
894401 894413
894420 894454
894473 894538
894717 894780
894839 894850
894907 895080
895151 895190
895302 895304
895426 895445
895457 895533
895682 895816
895901 895922
896129 896280
896287 896289
896303 896496
896630 896656
896691 896734
896735 896753
896876 897043
897180 897336
897414 897553
897564 897606
897656 897681
897694 897878
897966 897982
898012 898099
898111 898118
898143 898211
898245 898262
898292 898311
898358 898360
898493 898565
898568 898573
898651 898746
898775 899138
899139 899257
899660 899676
899716 899728
899847 899951
900028 900125
900133 900148
900205 900311
900455 900584
900609 900610
900621 900668
900670 900672
900709 900955
900974 901033
901120 901170
901192 901365
901603 901758
901970 902231
902275 902360
902372 902415
902493 902505
902534 902680
902699 902823
902921 902947
902973 903263
903326 903327
903372 903470
903540 903561
903740 903744
903992 904012
904201 904321
904323 904346
904400 904452
904471 904550
904555 904690
904765 904842
904909 904919
904968 905061
905064 905087
905138 905203
905229 905275
905286 905395
905460 905488
905703 905738
905757 905838
905959 906067
906095 906172
906199 906215
906312 906319
906356 906571
906577 906620
906654 906757
906835 906881
907084 907198
907351 907354
907380 907387
907423 907473
907698 907733
907760 907958
908016 908022
908120 908181
908590 908632
908683 908879
909070 909173
909231 909285
909396 909484
909558 909578
909582 909776
909840 910123
910141 910247
910418 910563
910565 910576
910633 910689
910755 910884
910888 910964
911060 911115
911267 911528
911613 911678
911686 911734
911768 911817
911907 912149
912269 912331
912407 912413
912420 912518
912705 912735
912827 912869
913090 913095
913223 913471
913928 914018
914088 914090
914103 914144
914251 914266
914334 914356
914369 914454
914464 914471
914625 914790
914842 914855
914926 914951
914971 915029
915054 915127
915173 915249
915341 915467
915470 915629
915848 915852
915855 916027
916057 916098
916336 916412
916477 916613
916723 916742
916814 916992
917057 917068
917143 917176
917301 917338
917426 917531
917542 917684
917739 917794
917811 917821
917950 918008
918026 918064
918078 918109
918188 918473
918519 918677
918713 918715
918748 918775
918795 918974
919049 919077
919083 919085
919106 919297
919354 919446
919628 919645
919662 919676
919710 919857
919926 919994
920065 920131
920309 920343
920359 920600
920728 920865
920927 920930
920978 921132
921248 921383
921406 921485
921512 921645
921709 921721
921927 921938
921956 922044
922168 922235
922277 922280
922340 922490
922491 922513
922562 922690
922866 922983
923000 923079
923104 923136
923145 923181
923193 923208
923313 923358
923744 923817
923818 923872
923874 923892
923921 923934
923977 923994
924000 924015
924120 924137
924484 924605
924724 924777
924849 924908
925096 925099
925123 925151
925294 925329
925413 925415
925636 925663
925827 925862
925884 925892
925932 926072
926115 926280
926479 926644
926747 926932
927018 927085
927247 927347
927377 927392
927514 927525
927651 927681
927781 927948
928013 928032
928037 928133
928164 928202
928285 928322
928406 928431
928479 928498
928827 928870
928917 928936
928959 928976
928991 929014
929017 929051
929151 929203
929211 929248
929287 929318
929775 929815
929982 930013
930022 930722
930766 930816
930866 930915
931061 931188
931360 931435
931581 931628
931685 931691
931863 931934
932143 932160
932183 932212
932256 932271
932303 932354
932356 932412
932594 932598
932780 932841
932865 932966
932989 933002
933197 933238
933260 933385
933497 933566
933871 933932
934157 934296
934478 934615
934662 934766
934810 934980
935059 935065
935130 935205
935391 935540
935606 935624
935633 935715
935722 935724
935769 935792
935824 935867
935966 936008
936031 936076
936107 936295
936296 936308
936429 936470
936510 936738
936758 936763
936800 937025
937043 937103
937118 937147
937181 937251
937325 937583
937652 937855
937930 938002
938020 938180
938307 938550
938806 938867
939004 939126
939289 939357
939596 939850
940159 940339
940398 940542
940671 940716
940868 940914
940921 941086
941238 941301
941310 941361
941481 941587
941620 941658
941673 941985
941989 942033
942045 942061
942308 942331
942387 942592
942680 942723
942743 942832
942938 942974
943030 943044
943077 943159
943190 943340
943369 943432
943477 943525
943535 943580
943582 943599
943664 943847
943858 943998
944049 944157
944171 944252
944348 944532
944685 944925
944948 945152
945279 945320
945328 945330
945365 945432
945502 945509
945543 945573
945719 945765
945906 946116
946132 946298
946379 946762
946768 947050
947331 947429
947601 947602
947610 947630
947676 947799
947830 948077
948168 948225
948454 948473
948566 948611
948623 948628
948703 948725
948756 948904
949065 949084
949103 949125
949159 949237
949242 949336
949338 949378
949412 949434
949461 949665
949675 950104
950297 950325
950485 950707
950736 951184
951268 951388
951445 951449
951632 951645
951649 951729
951879 951884
951917 952069
952084 952091
952120 952122
952377 952479
952705 952719
952737 952850
953124 953251
953264 953319
953333 953388
953415 953442
953521 953558
953659 953684
953702 953729
953740 953771
953873 953884
953996 954359
954407 954447
954573 955060
955088 955231
955441 955542
955704 956030
956076 956157
956233 956331
956370 956434
956554 956830
956993 957037
957102 957140
957276 957345
957370 957376
957633 957663
957718 957792
957884 957930
958020 958129
958208 958229
958253 958274
958285 958288
958323 958563
958717 958871
958880 959086
959128 959262
959312 959419
959653 959826
959880 959881
960053 960099
960267 960580
960678 960754
960757 960810
960839 961014
961018 961124
961301 961348
961439 961476
961637 961723
961936 962016
962048 962060
962159 962169
962265 962267
962547 962602
962639 962699
962838 962842
962916 962917
963061 963100
963243 963257
963290 963304
963461 963528
963530 963618
963624 963680
963714 963716
963806 963863
964067 964149
964197 964256
964281 964384
964595 964667
964758 965103
965150 965165
965293 965550
965586 965641
965728 965793
965922 966014
966164 966220
966233 966306
966316 966440
966453 966474
966553 966587
966600 966651
966714 966759
966776 966804
966915 966943
966971 966989
967202 967258
967482 967547
967554 967644
967727 967774
967835 967964
968032 968065
968125 968139
968193 968410
968468 968492
968547 968552
968757 968767
968949 969007
969079 969133
969191 969695
969834 970005
970013 970086
970126 970170
970211 970337
970417 970557
970582 970716
971106 971150
971258 971445
971516 971548
971582 971613
971787 971821
971852 971875
971985 972253
972262 972350
972395 972408
972425 972437
972495 972565
972566 972624
972627 972882
972895 972896
973102 973157
973453 973514
973614 973646
973671 973678
973714 973869
973923 974080
974205 974530
974690 974722
974730 974755
974756 974876
974908 974947
975069 975109
975117 975122
975218 975242
975357 975486
975520 975537
975921 976059
976090 976240
976268 976300
976486 976539
976561 976655
976683 976725
976731 976780
976972 977360
977390 977409
977579 977646
977759 977813
977848 977918
977929 977931
977939 978055
978133 978200
978308 978320
978519 978612
978660 978731
978737 978807
978839 978913
979007 979211
979266 979296
979402 979514
979625 979669
979764 979787
979981 980026
980130 980153
980166 980201
980216 980233
980320 980322
980414 980438
980474 980583
980600 980630
980670 980729
980832 980933
981083 981212
981250 981265
981386 981390
981524 981573
981592 981748
981793 981972
982001 982027
982092 982160
982173 982350
982417 982470
982657 982682
982692 982775
982968 983111
983224 983289
983293 983355
983416 983547
983599 983671
983693 983762
983913 983981
984447 984510
984526 984550
984707 984724
984730 984788
984807 984825
984859 985041
985159 985163
985219 985249
985253 985448
985476 985537
985800 985827
985885 985905
986096 986279
986285 986367
986458 986498
986742 986896
986966 987051
987153 987263
987313 987377
987381 987449
987463 987480
987617 987679
987694 987775
987863 987871
988035 988172
988193 988211
988250 988415
988441 988509
988536 988579
988708 988713
988747 988766
988891 988894
988968 989269
989278 989373
989429 989445
989539 989550
989605 989652
989682 989749
989755 989847
989866 989880
990082 990095
990096 990103
990119 990160
990217 990288
990510 990586
990703 990765
990795 990870
990936 990989
991223 991334
991390 991547
991566 991610
991639 991852
991884 991978
992081 992371
992480 992631
992673 992732
992737 992774
992801 992869
992906 992993
993003 993161
993284 993308
993356 993575
993640 993741
993754 993756
993895 994058
994060 994084
994213 994215
994246 994286
994329 994341
994357 994643
994679 994709
994724 994771
994797 994886
994909 994981
995114 995172
995187 995188
995299 995325
995389 995395
995409 995483
995503 995544
995563 995633
995721 995747
995783 995787
995808 995854
995942 996272
996431 996533
996678 996687
996718 996781
996808 996849
996856 996858
996880 997114
997193 997248
997273 997286
997326 997328
997368 997369
997407 997412
997456 997582
997892 997912
997922 998109
998202 998506
998568 998646
998661 998750
998862 998906
998927 999298
999354 999364
999383 999427
999525 999534
999661 999695
999719 999732
999835 999951
